4904
5048
5000
5120
4992
5188
5168
5208
4880
5148
4812
4928
4964
4928
5188
5016
5008
5192
5132
5156
5344
5268
5208
5024
4956
4860
5324
4880
5212
5104
5284
5192
5252
5036
5144
5108
5160
4856
5176
5260
5120
5292
5112
5144
4780
5128
5120
5024
5204
5024
4704
5092
5136
5148
5024
4900
5176
5156
4976
5020
5152
5100
5136
5176
4880
5000
5020
5044
5212
5148
5208
5184
5160
5276
5176
4916
5136
4836
5036
4948
4908
5012
5152
5080
4964
5036
4908
5060
5148
5012
5128
5044
5084
5116
4968
5072
5036
5344
5340
5332
4780
5224
4800
5172
5192
5168
5228
4872
5000
5044
4800
4892
4824
5028
5020
5040
5008
5072
4752
4976
5176
4788
5076
4748
5040
5116
5120
4904
5004
5108
4964
5168
5060
5132
5076
5060
5056
4952
4856
5220
5068
4980
5164
5180
4980
5360
5028
5096
4776
5064
5224
5196
5024
5272
5020
5036
5020
5076
5064
5032
5164
5072
4856
4888
5124
5048
4808
4832
5208
5184
5076
5148
4972
5136
5156
5172
5124
5144
4812
5168
5084
5160
5200
5252
5152
4972
5024
4864
4736
5216
5148
4988
5140
5168
5048
4996
5120
5092
4756
4984
4936
4796
5068
5120
5088
4888
4960
5328
5028
5088
4968
5056
5108
4992
5020
5140
5196
5424
5128
5016
5060
4912
5024
5112
5020
4748
5136
4880
5080
4788
5072
4844
4868
5112
4800
4896
4972
5100
5152
5028
5004
4820
5224
5288
4764
5460
5020
5080
5168
5144
5072
5132
5180
5112
5160
4852
5216
5052
5196
5068
5104
5052
5196
5060
4796
5152
5120
5120
5060
4808
5100
5092
5156
5176
4916
5228
5220
5240
5172
5120
5124
5224
4832
5088
5092
5132
5312
5140
5256
5148
5292
5140
5020
5168
5124
5228
5048
5144
4860
4896
5196
5208
5204
5200
5208
5168
4912
5064
5116
5076
5184
5104
5112
5216
5136
5016
5024
5264
5148
5220
4804
5040
5236
4788
4964
4820
5016
4980
4876
4816
4864
5220
5160
4904
5052
4860
4884
5084
5124
4960
5208
4944
5096
4856
4788
4868
5128
4852
4972
5100
5068
5092
5028
5064
5144
5196
4816
5060
5036
5128
5100
5120
5160
5112
5100
5116
4832
5016
5188
5020
5200
5012
5160
5140
5076
5036
4980
5188
5032
5048
5168
5076
5152
5164
5080
4964
4992
4780
5112
5120
5180
5000
5080
4964
5072
5028
5136
5100
5168
5212
5132
5016
5172
5036
4736
5132
4948
4976
5188
5096
5080
5140
4744
5196
5032
5056
4968
4868
5100
4956
5012
5096
5024
5100
5280
5176
5028
5036
4968
5072
5068
8752
5388
5080
5260
5276
5396
5024
5320
5288
5276
5128
5196
5032
5116
5224
5580
5212
7316
7620
7060
7108
7076
7212
7248
6992
7184
7116
7208
7168
7492
7008
7556
7316
7436
7520
7120
7312
7172
6812
7104
7548
7908
7152
7140
7352
7708
7336
7532
7648
7324
7124
7220
6808
6768
6728
7452
7052
7072
6936
7224
7312
6712
6928
6976
7316
6860
7096
7208
7200
7172
7420
7272
6984
7284
7064
6988
7020
7344
7124
6920
7104
7252
7360
7132
7072
7280
7036
7272
7328
7084
7352
6976
7272
7220
7228
6832
7540
7156
7436
7404
7332
7072
7428
7296
7460
6996
7080
6784
7028
7016
7212
7016
7300
7708
7408
7064
7084
7472
7268
7348
7260
7352
7104
7088
7132
7180
6980
7064
6964
7160
7152
7164
7108
7104
7064
7192
7112
7196
6984
7176
7124
7284
7040
7232
7088
7460
7592
7176
7208
6880
7068
7248
7212
7372
7616
7264
7124
7364
7340
7232
7400
6760
7132
7288
7124
7160
6560
7188
7212
7080
7308
7332
7176
7408
7180
6920
7204
7156
7224
7544
7084
6884
7180
7072
7632
7412
7740
7232
7132
7376
7656
7636
7612
7472
7348
7608
7188
7124
7548
7500
7508
7584
7492
7456
7480
7340
7484
7280
7360
7652
7516
6928
7492
7700
7528
6448
7320
7472
6484
7148
7732
7484
7652
7468
7648
7332
7704
7520
7472
7552
7412
7568
7376
7660
6992
6948
7600
7732
7712
7372
7876
7832
7692
7112
6844
7048
7324
7420
7244
7116
7196
6924
7276
7340
7220
7228
6948
7300
6344
7056
7108
7008
6920
6884
6844
7016
7064
6800
7196
7168
7360
7164
6240
6848
7204
6924
7144
6556
7048
7112
6980
6696
7240
9332
7756
7776
7680
7672
7384
7640
8060
7656
7904
7648
7780
7528
7324
7528
7276
8152
7540
7644
8072
7536
7824
7644
7512
7400
7680
7428
7536
7724
7760
7640
7884
7756
7636
7424
7680
7916
7564
7916
7600
7760
7780
7928
7700
8052
7944
7772
7808
7668
7688
7496
7960
7880
8344
7508
8100
7600
9196
7536
7348
7780
8296
7844
7616
7576
8280
8504
7508
7660
7832
8152
7732
7740
7740
7504
7944
7724
7692
7864
7972
8196
7648
7572
7496
8192
8444
8496
7748
7596
7728
8004
8392
7376
7908
7800
7504
7632
7668
7748
7628
7596
7816
7840
9512
7368
9544
7608
7148
7744
7728
6480
8344
7952
7720
7760
7628
7612
7808
6236
8084
7972
7988
5664
5752
5724
5760
5868
5780
5608
6252
5776
5804
5716
5708
5796
5492
5724
5736
5604
5632
5856
5744
5896
5616
5860
5796
5736
5724
5812
5860
5648
5660
5740
5788
5748
5608
7676
5796
5476
5736
5752
5764
7400
5752
5692
5876
5776
8532
7068
12576
12724
12600
14628
12624
12668
12200
11960
12644
11964
12704
12668
13120
12756
12560
11956
12160
11912
12000
12516
11940
11880
11904
12776
12576
12876
12340
11892
12196
11948
12816
12552
12160
12552
12408
11824
14116
14192
11828
12444
12464
13024
12092
11956
11396
10856
14528
12480
12660
14212
12940
14164
11876
11340
9396
12916
16056
16396
16616
15276
16860
15116
5868
5932
5948
5872
7276
6380
6332
5708
6132
6536
6044
6420
6768
6420
14804
6724
15420
12116
4924
4608
4920
4980
4928
4916
4900
4848
4912
4752
4824
4772
4764
4724
4824
4920
4820
4940
4808
4864
4576
4544
5796
7628
6820
6728
6956
7104
6992
7680
7536
7116
7412
7924
10596
7984
5168
5248
5388
5832
5320
5624
6036
5056
4904
5084
5060
5604
4728
5312
5772
6676
5732
5168
5300
5284
5428
5348
5188
5152
5096
5240
5100
5172
5224
5168
5188
5324
5380
5384
5284
5332
5388
5084
5008
5436
5076
5056
4928
5104
5264
5584
5360
5340
5416
5260
5184
5236
5260
5224
5084
5104
5060
5060
4740
4924
4864
4996
5280
5104
5368
5304
5180
5108
5176
5124
4892
5072
4960
5156
6316
5112
6172
5364
5544
6060
6216
5292
4972
5040
4864
4896
5024
5036
5244
5276
5288
5104
5112
5288
5220
5292
6020
5744
5024
5484
7428
6156
6512
9012
7048
6336
7884
6028
5964
5492
5000
5428
5356
5420
5480
5376
5144
6264
7104
9104
8336
9184
5644
5616
5356
5568
5608
9164
5180
5852
6172
5392
5492
5480
5528
5968
5436
7272
7836
9076
7188
6188
9804
6836
9368
6188
5752
9168
5904
5384
6008
7840
7924
7832
10484
8212
6760
5384
5932
5720
5832
5792
5788
5796
5856
6372
5860
5964
5688
5720
6108
6704
6712
5860
8604
5680
5888
5552
5856
8344
6196
7432
6988
8468
5684
7348
6516
5876
6804
5612
6048
7144
5728
7072
5520
5540
8640
7004
5792
8520
6976
6900
6276
5108
5356
5408
5252
7192
6940
7048
7012
7228
6708
7088
7192
7584
7852
7728
6944
7688
6704
7864
6744
7740
7632
6608
6312
7860
7164
6808
6788
7804
7676
7456
7936
7368
7688
7588
6528
7684
7748
7716
7700
7724
8060
6464
7824
7720
7964
7744
7704
6620
7648
7416
6796
6440
7680
6808
6732
6540
7752
6712
6172
6260
7728
6444
7732
6640
7724
7664
6872
6880
7836
7060
6828
6840
6756
7676
7632
7668
6392
7564
6644
6464
6272
6332
6184
6228
6204
7740
6144
6176
6432
5916
6104
6120
6064
6200
6724
6340
6872
7844
7672
6736
6936
6688
7740
6872
7652
7448
7712
6756
7056
6272
6736
7728
7728
8136
7872
7568
7488
7696
6408
7732
7624
7924
6348
7456
6676
7600
7432
7760
7708
6664
6420
6852
6112
6128
6832
12584
4936
4864
4868
4920
4692
4580
4760
4908
4780
4752
4632
4968
4968
4744
4736
4868
4772
4888
4912
4904
4852
4932
4740
4600
4888
4600
4580
4872
4604
4616
4848
4716
4888
4900
4832
4928
4816
4924
4932
4876
4876
4980
4712
4880
4908
4912
4916
4916
4960
4836
4820
4892
4604
4808
4916
4928
4700
4868
4876
4864
4860
4868
4604
4976
4832
4888
4864
4764
4912
4732
4908
4880
4892
4760
4764
4748
4888
4972
4736
4620
4736
4920
4780
4932
4880
4864
4884
4776
4780
4744
4932
4924
4964
4608
4916
4896
4708
4956
4744
4612
4928
4744
4732
4876
4948
4744
4796
4584
4976
4896
4744
4872
4864
4752
4836
4776
4752
4728
4608
4592
4784
4740
4736
4688
4416
4772
4740
4772
4436
12960
4792
4728
4840
4764
4632
4624
4848
4856
4640
4796
4760
4748
4732
4760
4692
4616
4852
4592
4760
4572
4600
4620
4804
4580
4708
4740
4768
4448
4756
4764
4744
4588
4732
4584
4676
4436
4720
4732
4640
4684
4832
4616
4456
4716
4620
4856
4744
4764
4816
4580
4752
4680
4788
4784
4808
4836
4804
4764
4560
4812
4744
4720
4740
4708
4624
4748
4740
4728
4720
4760
4528
4752
4788
4584
4732
4740
4740
4836
12108
4852
4556
4756
4684
4592
4776
4844
4572
4584
4688
4664
4716
4908
4420
4392
4772
4732
4764
4696
4432
4852
4764
4736
4680
4776
4824
4656
4672
4720
4436
4652
4672
4572
4752
4748
4840
4632
4800
4632
4800
4744
4772
4832
4436
4832
4636
4788
4628
4912
4548
4824
4716
4860
4868
4700
4796
6840
4868
4780
4832
4776
4816
4624
7772
4876
12232
7676
4632
4416
4744
4844
4756
4604
4808
4740
4908
4728
4724
4828
12360
4396
4820
12284
7748
4592
4664
4456
4744
4688
4504
7436
4712
4644
4704
4868
4596
4848
4552
4844
4720
4524
4500
4892
4992
4524
4772
4720
7520
7380
4688
4748
4848
4760
4628
4772
4644
4620
4884
4688
4600
4692
4844
4732
4752
4656
4724
4424
4744
4808
4924
4764
5120
4716
4816
4832
4632
4660
4748
4760
4688
4812
4804
4856
4708
12284
4684
4736
4536
4624
4844
4800
4508
4856
4872
4884
4712
4484
4900
4860
4772
4796
4792
4784
4424
4816
4416
4468
4752
4824
4600
4580
4428
4444
4528
4740
4636
4648
4732
4624
4452
4436
4772
4740
4792
4756
7580
4700
4760
4912
4812
4480
4652
4768
4808
4848
4796
4772
4700
4832
4844
4436
4516
4836
4764
4724
4752
12216
4748
4744
4852
4780
4900
4516
4868
4780
4728
4840
4468
4752
4888
4792
4688
4812
4808
4972
4712
4772
4772
4804
4796
4676
4896
4848
4816
4688
4664
4780
4520
4672
4892
4664
4528
4848
4820
4704
4480
4640
4496
4648
4476
4636
4796
4848
4764
4900
4856
4868
4808
4784
4844
4844
4828
4704
4520
4548
4856
4784
4752
4868
4856
4752
4824
4508
4812
4696
4772
4844
4760
4840
4620
4520
4808
4816
4620
4864
4844
4660
4660
4892
4492
4756
4864
4896
4812
4856
4844
4880
4704
4844
4716
4880
4916
4752
4820
4708
4876
5240
5252
5180
5256
5328
5412
4608
4944
4948
4976
4876
4964
4980
4552
4628
4808
4920
4788
4824
4824
4912
5056
4956
4840
4984
4988
4932
4980
4996
5100
5168
5000
4840
5144
4840
4800
4820
4788
4688
4936
4916
4568
5168
4532
4704
4740
4880
4884
4764
4768
4684
4800
4832
4548
4812
4800
4852
4740
4548
4832
4516
4664
4708
4772
4740
4800
4816
4752
4480
4848
4836
4864
4880
4776
4660
4800
4668
4652
4832
4892
4780
4768
4784
4508
4820
4868
4844
4868
4788
4676
4760
4836
4912
4604
4924
4900
4852
4944
4540
4732
4808
4924
4860
4908
4920
4880
4840
4632
4720
4768
4688
4896
4624
4844
4880
4900
4832
4828
4760
4832
4952
4920
4672
4636
4880
4848
4808
4632
4516
4800
4676
4888
4812
4672
4856
4816
4772
4768
4820
4528
4664
4476
4780
4692
4680
4504
4828
4844
4828
4776
4820
4796
4748
4816
4852
4772
4840
4512
4804
4764
4760
4848
4700
4796
4868
4700
4660
4748
4884
4792
4880
4768
4700
4892
4868
4868
4664
4836
4800
4696
4664
4764
4864
4936
4740
4896
4868
4924
4956
4872
4524
4552
4804
4704
4556
4924
4836
4920
4892
4572
4800
4740
4576
4820
4844
4844
5272
5368
5196
5136
4884
4840
4916
5028
4860
5048
4988
5044
4668
4936
4692
5020
5432
5232
5212
5244
5344
5060
5264
5312
5348
5320
5324
5228
4556
4892
4900
4764
4564
4892
4848
4872
4784
4820
4824
4648
4812
4628
4544
4660
4804
4772
4744
4772
4892
4860
4920
4796
4824
4516
4812
4696
4676
4856
4820
4784
4480
4528
4760
4908
4876
4880
4812
4844
4904
4800
4496
4804
4876
4816
4640
4648
4800
4708
4808
4916
4872
4776
4636
4896
4916
4532
4840
4720
4700
4768
4820
4720
4820
4496
4664
4812
4816
4840
4708
4672
4620
4920
4812
4640
4528
4500
4856
4784
4860
4500
4784
4860
4520
4872
4856
4492
4740
4888
4904
4512
4832
4692
4676
4540
4648
4856
4876
4648
4624
4820
4668
4812
4620
4776
4692
4880
4768
4780
4880
4868
4520
4860
4900
4824
4836
4832
4884
4860
4776
4824
4764
4504
4548
4696
4776
4504
4668
4868
4816
4752
4664
4756
4812
4900
4824
4748
4796
4868
4768
4832
4764
4800
4916
4672
4780
4524
4812
4680
4764
4844
4800
4848
4628
4832
4492
4744
4800
4704
4728
4744
4896
4688
4920
4740
4484
4648
4808
4892
4760
4512
4536
4860
4872
4776
4784
4708
4620
4860
4724
4796
4864
4752
4632
4692
4896
4548
4788
4748
4788
4832
4760
4808
4768
4924
4924
4784
4888
4880
4664
4708
4748
4876
4548
4824
4540
4772
4908
4780
4660
4660
4648
4660
4876
4852
4760
4868
4784
4816
4860
4908
4788
4776
4920
4812
4676
4812
4752
4820
4824
4828
4764
4896
4652
4836
4680
4492
4808
4668
4720
4816
4532
4728
4544
4872
4496
4812
4744
4520
4864
4672
4768
4820
4796
4876
4728
4768
4868
4492
4864
4836
4672
4528
4852
4680
4672
4908
4900
4640
4548
4816
4764
4716
4668
4508
4824
4864
4748
4552
4712
4860
4848
4836
4856
4844
4848
4544
4664
4756
4536
4872
4680
4812
4816
4880
4780
4804
4900
4660
4756
4756
4832
4720
4648
4676
4764
4516
4840
4856
4860
4852
4644
4752
4800
4764
4780
4656
4784
4816
4852
4772
4732
4872
4660
4524
4864
4708
4872
4692
4668
4860
4728
4552
4684
4796
4664
4816
4840
4876
4648
4812
4556
4748
4684
4812
4864
4760
4848
4840
4796
4540
4784
4872
4696
4716
4688
4928
4828
4924
4784
4820
4864
4664
4780
4892
4804
4676
4820
4892
4868
4716
4836
4532
4780
4788
4520
4888
4504
4788
4680
4864
4872
4780
4524
4820
4716
4512
4680
4628
4540
4704
4552
4808
4544
4828
4836
4876
4772
4832
4844
4788
4832
4824
4912
4692
4528
4820
4888
4872
4672
4768
4688
4916
4796
4488
4548
4532
4504
4692
4884
4692
4552
4884
4828
4848
4844
4672
4824
4760
4916
4792
4860
4900
4728
4632
4812
4480
4512
4700
4536
4840
4904
4700
4504
4768
4836
4832
4700
4756
4760
4876
4856
4500
4760
4688
4648
4748
4668
4916
4880
4716
4852
4836
4864
4820
4704
4828
4848
4832
4808
4784
4740
4788
4684
4756
4668
4820
4868
4828
4840
4520
4544
4856
4744
4864
4748
4800
4712
4836
4856
4672
4876
4820
4492
4848
4856
4768
4848
4800
4844
4876
4736
4868
4788
4528
4636
4756
4860
4816
4892
4880
4792
4792
4548
4796
4868
4736
4676
4856
4784
4812
4864
4812
4816
4872
4848
4800
4732
4860
4844
4840
4816
4876
4816
4700
4700
4908
4800
4812
4768
4776
4676
4836
4832
4792
4548
4800
4860
4808
4836
4860
4732
4800
4752
4680
4780
4528
4536
4640
4536
4860
4800
4700
4820
4856
4900
4548
4900
4832
4804
4784
4612
4908
4712
4896
4804
4840
4840
4648
4816
4704
4696
4864
4860
4872
4528
4728
4724
4716
4904
5088
5060
4928
4700
4816
4984
4756
4964
5124
5184
4996
5132
5156
4976
4896
5164
4968
5032
4960
5036
4760
4956
5076
5108
5040
5144
5096
5188
5140
5104
5064
4956
5032
5068
5140
4908
4772
4740
4692
4792
4528
4812
4960
4852
5176
5080
4760
5040
5228
4860
4772
4548
4828
5072
4832
4832
5200
5060
4876
4944
4832
4984
4880
5328
5120
4956
4948
4920
4652
4976
4972
5232
4960
4908
4736
4768
4900
5176
5096
5036
5108
4948
4960
5168
4860
4808
4840
4852
4560
4872
4568
5004
5116
4816
5164
5048
5076
4876
4852
4828
5144
4988
5148
4856
5112
4928
5164
5004
5012
4984
5136
4952
5020
4736
4796
5068
5080
4876
4980
4832
4612
5176
5060
4840
4976
4800
5060
5152
4924
4784
4900
4944
4936
4876
5192
4888
4696
4740
4584
4868
4976
4972
4952
5052
5164
4864
5000
4988
5196
5292
5228
5200
4856
4852
4744
4768
4940
5080
5156
5172
4692
5108
5076
5080
4832
5076
5168
5028
5104
5160
5072
4840
5164
5148
5216
5132
5144
5064
5072
5112
5200
5156
5128
4720
4788
4932
4920
5048
5040
5172
4928
5176
5196
5192
5048
5176
4860
5136
5140
4852
5072
5104
4892
4876
4840
4644
4864
4872
4760
4868
4820
4696
4528
4888
4724
4564
4888
4900
5064
4716
5184
4572
4896
4876
5048
4728
5020
4860
5060
5208
5160
5172
5148
4868
4896
4976
5180
4884
5208
5252
4852
4760
5072
5084
5096
5188
4792
5164
4964
4824
4992
5160
4968
5072
5096
4836
4836
5124
4572
4696
4892
4832
4752
4932
4900
5140
4896
4844
5128
4584
4984
5052
5148
4960
4784
4720
5360
5368
5364
5284
5352
5372
5380
5316
5452
4904
4948
5200
5116
5028
5156
4844
4772
4884
4976
4932
4764
4664
4860
4888
4868
4552
4760
4636
4772
5084
5172
5108
4884
4904
4912
5016
5120
4960
5036
5116
5264
4848
5120
5192
5156
5136
4792
4988
5084
4844
4888
5116
5196
4976
4960
4992
4796
5148
4876
5008
5096
5132
5048
4888
4528
4704
4928
4736
4856
5156
4792
4836
4884
4888
4968
5196
4744
4536
4780
5108
4836
5048
5080
5068
5116
4988
5144
5024
5052
5260
4680
4924
5184
5032
5232
4644
5180
5132
5272
5004
5092
5216
5120
5168
5192
5104
5112
4924
4796
4880
5220
4732
5056
5120
5004
5140
5180
5224
5124
5104
5136
5072
5016
4980
5080
5044
4872
5168
5120
5196
5196
5084
5132
5108
5040
5320
5248
5140
5200
5148
5044
4844
5172
5272
5120
4900
4808
5244
5248
5180
4868
5120
5032
5220
5064
5056
5168
5176
5204
5228
5220
5056
5200
5248
4932
5152
5216
5100
5060
5168
5012
5224
5152
5240
5188
5164
5144
5264
5256
5248
5320
5316
5252
5136
5264
4932
5288
5044
5232
5288
5212
5056
5180
5036
5132
5224
4896
5176
4988
5204
4996
5096
4888
5112
4912
5136
5200
5148
5232
5188
4944
5236
5116
5108
5228
5088
5040
5028
4736
4932
4960
5164
5056
5032
5096
5120
4888
4972
5160
5040
5084
4908
5164
5152
5012
4928
5136
4820
5108
4916
4912
5012
5080
5128
5032
5148
5040
4860
5204
5064
5096
5120
5008
4944
4920
4940
5052
4956
5164
5204
5064
4852
4832
5196
4952
5088
5092
5012
4948
4796
4992
5080
4968
4916
4892
5268
5076
5084
5016
5020
5152
5016
5176
5012
5116
5096
5316
5224
5196
4812
5248
5132
5216
5160
5108
5116
5208
5128
5212
5192
5040
4736
5000
5216
5132
5020
5016
4820
5172
5136
4836
5112
5004
4956
5180
4840
5160
5228
5224
4904
5064
5164
4512
5204
5000
5036
4564
4812
5260
5016
4896
4652
5188
5192
5056
5020
5148
5156
4960
4960
5228
5076
4856
4900
5192
5116
5132
5024
5004
5228
5164
5232
4900
5036
5180
5176
4992
4892
5284
5132
4836
5056
4880
5068
5024
5164
4988
5132
5188
5220
5124
5188
5228
5164
5064
5000
5104
5100
4904
5088
5212
5192
5208
5196
5116
4944
5240
5028
5088
5012
5144
5000
4844
5064
5312
5212
5100
5088
5008
5236
5304
4876
5204
5100
5088
5208
4892
5252
4956
5088
5256
5128
5160
5236
5136
5236
5044
4972
4828
5228
5284
5244
5184
5160
4956
5172
4968
5204
5092
5092
4992
5144
5224
5160
5020
5180
5152
5152
5136
5144
5004
5092
4772
5088
5212
5068
5108
5248
5048
5064
5068
5048
5128
5072
5132
5168
5244
4896
5172
5024
5104
4960
5216
5012
5108
5084
4996
5248
5052
5228
5068
5164
5120
5292
5096
5100
5268
5232
5048
5044
4936
4876
4936
5188
5204
5260
5040
5180
5084
5144
4952
5084
5232
5048
5088
4972
5156
5040
5232
5164
5076
5184
5124
5184
4916
5164
5216
5156
5124
5048
4968
5252
5224
5180
5164
5200
4912
5016
4792
4784
5012
5172
5244
5044
4944
5020
4796
5072
4868
5044
5168
5024
4732
4908
5068
5016
5088
4864
5300
5276
5252
5312
5264
5104
5240
5168
5116
5240
5216
5172
4836
5236
5104
5020
5172
5232
5160
5184
5140
5184
5220
5076
5164
5124
5128
5144
5132
5164
5124
4928
5064
4892
5252
5148
5088
4868
5148
5092
5000
4848
5120
5072
5160
5064
5116
5096
4916
5184
5248
5292
5152
5108
5068
5124
5212
5132
5076
4868
5004
5240
5220
5160
5164
5132
4932
4856
5108
5000
5136
5228
5132
5132
5224
5224
5052
5092
4912
5064
5056
5048
5116
4756
4984
5212
5272
4992
5116
5156
5040
5244
4852
5164
5160
4896
4912
5040
5284
5156
4832
5192
4916
4872
5064
5056
5036
5040
5068
5272
5244
4920
5052
5148
5160
4996
5040
5096
5104
4976
5180
5016
5148
5148
5132
5092
5012
4780
5192
5012
5100
4960
5160
5116
5236
5044
5164
4996
5136
4840
4564
4972
4820
5104
4972
4976
5072
4984
5072
4828
5120
4740
4968
4824
4980
4928
4820
5072
4672
4984
5024
4900
5096
5152
5156
5076
5204
4656
5208
5156
5156
5220
5248
5288
4848
5092
4760
4944
4880
4972
4848
5192
4856
5048
5176
4964
5220
5148
5220
5116
4800
4968
5024
5168
5000
5172
5188
5276
5296
5216
5256
5240
5068
5272
5208
5048
5176
5184
5156
5028
