0.04
0.04
0.06
0.07
0.09
0.07
0.08
0.08
0.03
0.07
0.06
0.12
0.06
0.07
0.06
0.11
0.08
0.12
0.06
0.11
0.15
0.13
0.13
0.04
0.13
0.09
0.13
0.13
0.13
0.13
0.13
0.12
0.10
0.06
0.11
0.12
0.09
0.08
0.12
0.12
0.08
0.15
0.11
0.08
0.06
0.07
0.11
0.03
0.12
0.12
0.03
0.10
0.12
0.12
0.08
0.04
0.12
0.12
0.08
0.08
0.12
0.10
0.08
0.07
0.11
0.10
0.10
0.05
0.12
0.11
0.11
0.12
0.10
0.16
0.10
0.06
0.06
0.08
0.10
0.07
0.10
0.08
0.07
0.06
0.06
0.13
0.06
0.04
0.08
0.06
0.09
0.06
0.06
0.06
0.10
0.06
0.09
0.14
0.15
0.19
0.05
0.09
0.09
0.06
0.11
0.07
0.10
0.10
0.08
0.12
0.08
0.06
0.08
0.04
0.06
0.08
0.09
0.07
0.06
0.06
0.05
0.06
0.06
0.05
0.06
0.07
0.09
0.06
0.05
0.07
0.06
0.08
0.09
0.07
0.07
0.05
0.08
0.10
0.08
0.10
0.08
0.09
0.09
0.10
0.08
0.16
0.07
0.07
0.07
0.07
0.09
0.08
0.14
0.09
0.05
0.05
0.03
0.07
0.06
0.07
0.07
0.07
0.09
0.10
0.09
0.07
0.06
0.08
0.08
0.08
0.08
0.08
0.07
0.08
0.06
0.08
0.08
0.13
0.08
0.08
0.11
0.12
0.10
0.14
0.09
0.06
0.04
0.14
0.06
0.12
0.15
0.04
0.14
0.08
0.04
0.08
0.06
0.06
0.06
0.11
0.06
0.06
0.06
0.06
0.06
0.04
0.15
0.15
0.04
0.08
0.07
0.05
0.06
0.05
0.05
0.06
0.09
0.18
0.07
0.09
0.12
0.06
0.06
0.05
0.07
0.05
0.11
0.11
0.11
0.07
0.07
0.10
0.08
0.06
0.06
0.09
0.06
0.06
0.08
0.07
0.09
0.09
0.08
0.13
0.02
0.20
0.08
0.05
0.11
0.07
0.04
0.11
0.06
0.08
0.07
0.11
0.08
0.06
0.08
0.06
0.06
0.06
0.11
0.08
0.07
0.08
0.08
0.07
0.07
0.07
0.07
0.08
0.07
0.06
0.12
0.09
0.08
0.10
0.06
0.07
0.07
0.16
0.06
0.07
0.12
0.05
0.17
0.11
0.15
0.07
0.10
0.07
0.12
0.09
0.08
0.11
0.12
0.08
0.08
0.10
0.10
0.11
0.08
0.18
0.11
0.12
0.12
0.08
0.08
0.04
0.08
0.09
0.09
0.11
0.06
0.09
0.06
0.12
0.11
0.12
0.06
0.11
0.13
0.06
0.06
0.09
0.13
0.04
0.04
0.07
0.04
0.10
0.10
0.05
0.09
0.09
0.09
0.04
0.06
0.04
0.11
0.07
0.07
0.08
0.06
0.09
0.06
0.06
0.08
0.06
0.06
0.08
0.06
0.06
0.09
0.09
0.08
0.06
0.07
0.08
0.06
0.06
0.08
0.07
0.06
0.07
0.08
0.06
0.08
0.06
0.12
0.06
0.06
0.07
0.06
0.07
0.08
0.08
0.06
0.08
0.12
0.06
0.08
0.06
0.07
0.06
0.04
0.05
0.07
0.07
0.08
0.07
0.06
0.08
0.11
0.08
0.05
0.07
0.07
0.08
0.06
0.09
0.08
0.09
0.05
0.11
0.03
0.07
0.07
0.06
0.08
0.11
0.06
0.12
0.08
0.03
0.07
0.10
0.06
0.04
0.06
0.06
0.06
0.09
0.10
0.08
0.08
0.10
0.03
0.05
0.07
6.19
0.78
0.24
0.22
0.15
0.22
0.20
0.17
0.19
0.25
0.16
0.16
0.12
0.12
0.12
0.29
0.21
1.97
1.99
1.89
1.89
1.89
1.92
1.97
1.92
1.95
1.96
1.93
1.91
1.98
1.93
2.03
1.98
2.00
1.94
1.88
1.92
1.92
1.90
1.95
1.95
2.26
2.05
1.78
1.94
2.20
2.04
2.16
2.16
2.02
1.96
1.96
1.84
1.77
1.75
2.11
2.16
2.17
1.84
2.17
2.17
1.80
2.09
1.91
1.99
1.56
1.77
1.87
1.88
2.02
2.16
2.16
1.90
2.03
1.87
1.95
1.91
2.10
1.86
2.05
2.04
1.93
2.21
2.04
2.20
2.20
2.19
2.19
2.20
2.50
2.14
1.99
2.20
2.23
2.00
1.89
2.14
2.07
2.05
2.04
2.19
2.00
2.13
2.14
2.14
1.88
2.02
1.91
1.82
1.82
2.04
2.01
2.11
2.09
2.03
1.82
1.95
2.00
2.07
2.07
1.99
2.18
1.92
1.92
1.93
2.03
2.03
1.88
1.81
1.85
2.06
2.03
2.02
2.16
1.99
2.02
1.91
1.84
1.74
2.01
2.11
1.96
2.11
2.12
2.09
2.27
2.28
1.98
2.04
1.74
1.96
2.02
1.89
2.26
2.26
2.09
1.89
1.98
2.17
2.14
2.14
1.82
1.96
2.14
1.92
1.97
1.43
2.03
2.18
2.14
2.11
2.01
1.89
2.09
2.14
1.91
1.94
1.87
2.04
2.12
1.79
2.05
2.04
1.90
2.14
1.98
2.14
2.10
2.15
2.17
2.09
2.12
2.14
2.10
2.13
2.14
1.93
1.98
2.08
2.15
2.10
2.11
1.98
2.14
2.09
1.99
2.10
2.00
2.04
2.09
2.02
1.95
2.14
2.14
2.11
1.45
2.09
2.14
1.37
2.14
2.14
1.98
2.16
2.13
2.16
2.09
2.14
2.01
2.00
2.00
2.02
2.03
2.10
2.16
1.97
1.97
1.92
2.15
2.14
2.20
2.13
2.06
2.08
1.87
1.88
2.18
2.13
2.15
1.89
1.88
1.90
1.89
1.97
2.01
2.05
2.20
1.93
1.96
1.99
2.00
2.04
2.01
1.93
1.98
1.95
1.99
2.03
1.94
2.15
1.97
2.03
1.96
1.95
2.04
2.01
1.95
2.04
2.07
2.11
1.78
1.98
2.05
1.94
5.04
2.99
2.96
2.88
3.16
3.06
3.07
3.42
2.83
3.10
3.04
3.19
2.89
2.49
2.88
2.52
3.53
2.81
3.07
3.68
3.01
3.00
3.04
2.86
2.83
2.92
2.92
2.69
3.04
2.99
3.03
3.06
3.08
3.11
2.87
3.09
3.81
3.19
3.39
3.53
2.99
3.13
3.08
3.05
1.92
3.12
3.17
3.10
3.00
3.12
2.97
3.05
3.02
3.19
3.06
3.18
3.27
4.67
3.11
2.83
3.02
3.21
3.07
3.18
3.00
3.72
3.89
2.87
2.86
3.08
3.21
2.98
3.00
2.99
3.00
3.07
2.97
3.13
3.14
4.24
4.55
3.06
2.99
3.16
4.10
4.73
4.44
2.96
2.87
3.00
3.19
3.21
2.89
3.10
3.11
3.04
3.18
3.15
2.86
3.00
2.97
3.08
3.10
4.80
2.85
5.10
3.07
2.29
3.08
2.98
1.78
3.56
3.18
2.98
3.00
3.00
3.05
2.98
1.47
3.03
3.04
3.04
0.65
0.60
0.66
0.62
0.70
0.64
0.47
1.39
0.65
0.68
0.66
0.61
0.66
0.63
0.62
0.60
0.60
0.62
0.63
0.63
0.63
0.62
0.69
0.68
0.65
0.66
0.64
0.67
0.68
0.63
0.63
0.66
0.65
0.62
3.29
0.66
0.62
0.69
0.69
0.63
3.78
0.62
0.64
0.63
0.65
3.54
2.01
7.77
7.73
7.73
8.64
8.09
7.91
7.73
7.51
7.89
8.20
7.95
7.96
8.58
7.96
7.93
7.80
7.65
7.74
7.74
7.91
7.95
8.16
7.89
7.74
7.67
7.93
7.86
7.75
7.83
8.45
7.94
8.21
7.90
7.85
7.97
8.17
9.43
9.45
8.12
7.88
7.82
8.12
7.21
7.61
7.12
6.74
9.71
8.17
8.16
8.49
8.43
7.81
7.74
7.88
7.69
8.21
12.25
8.04
11.91
15.68
19.92
12.82
0.98
1.13
1.09
0.94
3.18
1.58
1.88
1.00
1.45
1.82
1.21
1.50
2.00
1.67
18.34
2.08
11.86
7.92
0.01
0.01
0.01
0.01
0.00
0.00
0.01
0.00
0.01
0.00
0.00
0.01
0.00
0.01
0.00
0.00
0.01
0.01
0.01
0.01
0.00
0.01
0.78
2.08
1.93
1.97
1.98
2.04
2.06
1.93
2.89
1.80
2.22
3.12
7.19
3.09
0.37
0.44
0.39
0.66
0.29
0.95
0.98
0.05
0.10
0.05
0.04
0.44
0.04
0.18
0.96
2.95
0.72
0.08
0.25
0.25
0.25
0.21
0.25
0.16
0.15
0.13
0.15
0.14
0.13
0.10
0.10
0.18
0.20
0.23
0.18
0.20
0.26
0.07
0.07
0.22
0.06
0.05
0.05
0.06
0.21
0.36
0.18
0.16
0.21
0.15
0.12
0.14
0.14
0.17
0.12
0.05
0.03
0.03
0.04
0.04
0.09
0.03
0.16
0.16
0.27
0.16
0.12
0.11
0.12
0.15
0.14
0.11
0.15
0.12
1.17
0.12
0.87
0.18
0.52
0.79
1.06
0.23
0.15
0.04
0.03
0.05
0.05
0.04
0.11
0.15
0.14
0.16
0.16
0.16
0.14
0.27
1.79
0.64
0.06
0.68
2.98
1.31
2.10
6.69
3.38
2.01
4.32
1.78
1.41
0.34
0.11
0.36
0.28
0.35
0.41
0.34
0.09
1.81
2.90
5.35
3.44
5.84
0.55
0.45
0.31
0.61
0.52
6.56
0.35
0.88
1.26
0.39
0.52
0.51
0.51
0.84
0.43
3.29
4.37
6.94
2.17
0.95
7.08
1.90
5.63
1.31
0.85
5.46
0.83
0.32
0.70
3.00
3.04
3.15
5.87
3.36
2.34
0.44
0.70
0.58
0.66
0.65
0.62
0.66
0.62
1.74
0.66
0.68
0.64
0.63
1.27
2.07
1.88
0.62
3.66
0.63
0.68
0.70
0.63
3.58
1.15
3.25
2.03
3.31
0.64
3.00
1.93
0.65
2.13
0.54
1.40
2.54
0.64
2.60
0.68
0.69
3.57
2.78
0.63
3.58
2.68
2.60
0.92
0.17
0.22
0.19
0.20
1.94
2.04
1.81
2.11
2.04
1.52
2.23
1.95
3.13
3.16
3.07
1.57
3.03
1.74
3.02
1.59
3.00
3.12
1.75
1.47
2.96
1.60
1.70
1.82
2.98
2.99
2.81
2.97
3.07
3.09
3.14
1.72
3.07
3.13
3.11
2.89
3.09
3.06
1.59
3.03
3.17
3.05
3.06
3.08
1.60
3.11
3.11
1.98
1.53
3.08
1.65
1.73
1.47
3.07
1.61
1.37
1.48
3.12
1.56
3.11
1.49
3.10
3.01
1.63
1.50
3.03
1.50
1.63
1.56
1.49
3.10
3.16
3.09
1.50
3.05
1.53
1.56
1.47
1.46
1.43
1.43
1.43
2.98
1.47
1.50
1.44
1.43
1.43
1.36
1.36
1.37
1.67
1.45
1.45
3.07
2.97
1.50
2.01
1.60
3.11
1.69
3.00
3.09
3.00
1.51
1.50
1.29
1.57
3.06
3.11
3.31
3.00
2.94
2.92
3.10
1.56
3.15
3.08
3.17
1.71
3.11
1.58
3.10
2.89
3.08
3.15
1.83
1.36
1.59
1.42
1.48
1.73
7.69
0.01
0.01
0.01
0.01
0.01
0.01
0.01
0.01
0.01
0.01
0.01
0.01
0.00
0.01
0.01
0.01
0.01
0.01
0.01
0.01
0.01
0.01
0.01
0.01
0.01
0.01
0.01
0.00
0.01
0.01
0.01
0.01
0.01
0.01
0.01
0.01
0.01
0.01
0.01
0.01
0.01
0.01
0.01
0.01
0.01
0.01
0.01
0.01
0.01
0.01
0.01
0.01
0.01
0.01
0.01
0.01
0.01
0.01
0.01
0.01
0.01
0.01
0.01
0.01
0.01
0.01
0.01
0.01
0.01
0.01
0.00
0.01
0.01
0.01
0.01
0.01
0.01
0.01
0.01
0.01
0.01
0.01
0.01
0.01
0.01
0.01
0.01
0.01
0.01
0.01
0.01
0.01
0.01
0.01
0.01
0.01
0.01
0.01
0.01
0.01
0.01
0.01
0.01
0.01
0.01
0.01
0.01
0.01
0.01
0.01
0.00
0.00
0.00
0.00
0.00
0.00
0.00
0.00
0.00
0.00
0.00
0.00
0.00
0.00
0.00
0.00
0.00
0.00
0.00
7.94
0.00
0.00
0.00
0.00
0.00
0.00
0.00
0.00
0.00
0.00
0.00
0.00
0.00
0.00
0.00
0.00
0.00
0.00
0.00
0.00
0.00
0.00
0.00
0.00
0.00
0.00
0.00
0.00
0.00
0.00
0.00
0.00
0.00
0.00
0.00
0.00
0.00
0.00
0.00
0.00
0.00
0.00
0.00
0.00
0.00
0.00
0.00
0.00
0.00
0.00
0.00
0.00
0.00
0.00
0.00
0.00
0.00
0.00
0.00
0.00
0.00
0.00
0.00
0.00
0.00
0.00
0.00
0.00
0.00
0.00
0.00
0.00
0.00
0.00
0.00
0.00
0.00
0.00
6.90
0.00
0.00
0.00
0.00
0.00
0.00
0.00
0.00
0.00
0.00
0.00
0.00
0.00
0.00
0.00
0.00
0.00
0.00
0.00
0.00
0.00
0.00
0.00
0.00
0.00
0.00
0.00
0.00
0.00
0.00
0.00
0.00
0.00
0.00
0.00
0.00
0.00
0.00
0.00
0.00
0.00
0.00
0.00
0.00
0.00
0.00
0.00
0.00
0.00
0.00
0.00
0.00
0.00
0.00
0.00
0.00
1.30
0.00
0.00
0.00
0.00
0.00
0.00
2.05
0.00
7.08
2.05
0.00
0.00
0.00
0.00
0.00
0.01
0.00
0.00
0.01
0.00
0.00
0.00
7.05
0.00
0.00
7.05
2.10
0.00
0.00
0.00
0.00
0.00
0.00
1.91
0.00
0.00
0.00
0.00
0.00
0.00
0.00
0.00
0.00
0.00
0.00
0.00
0.01
0.00
0.00
0.00
2.06
2.11
0.00
0.00
0.00
0.00
0.00
0.00
0.00
0.00
0.00
0.00
0.00
0.00
0.00
0.00
0.00
0.00
0.00
0.00
0.00
0.00
0.00
0.00
0.05
0.00
0.06
0.00
0.00
0.00
0.00
0.00
0.00
0.00
0.00
0.00
0.00
7.26
0.00
0.00
0.00
0.00
0.00
0.00
0.00
0.00
0.00
0.00
0.00
0.00
0.00
0.00
0.00
0.00
0.00
0.00
0.00
0.00
0.00
0.00
0.00
0.00
0.00
0.00
0.00
0.00
0.00
0.00
0.00
0.00
0.00
0.00
0.00
0.00
0.00
0.00
0.00
0.00
2.03
0.00
0.00
0.00
0.00
0.00
0.00
0.00
0.00
0.00
0.00
0.00
0.00
0.00
0.00
0.00
0.00
0.00
0.00
0.00
0.00
7.05
0.00
0.00
0.00
0.00
0.00
0.00
0.00
0.00
0.00
0.00
0.00
0.00
0.00
0.01
0.00
0.00
0.00
0.01
0.00
0.00
0.00
0.00
0.00
0.00
0.00
0.00
0.00
0.00
0.00
0.00
0.00
0.00
0.00
0.00
0.00
0.00
0.00
0.00
0.00
0.00
0.00
0.00
0.00
0.00
0.00
0.00
0.00
0.00
0.00
0.00
0.00
0.00
0.00
0.00
0.00
0.00
0.00
0.00
0.00
0.00
0.00
0.00
0.00
0.00
0.00
0.00
0.00
0.00
0.00
0.00
0.00
0.00
0.00
0.00
0.00
0.00
0.00
0.00
0.00
0.00
0.00
0.00
0.00
0.00
0.00
0.00
0.00
0.00
0.00
0.00
0.00
0.00
0.00
0.00
0.00
0.00
0.00
0.00
0.00
0.17
0.15
0.16
0.21
0.17
0.18
0.02
0.02
0.02
0.03
0.02
0.02
0.02
0.02
0.02
0.01
0.01
0.01
0.01
0.03
0.03
0.03
0.03
0.03
0.07
0.07
0.07
0.04
0.04
0.09
0.09
0.09
0.09
0.09
0.09
0.00
0.00
0.00
0.00
0.00
0.00
0.00
0.08
0.00
0.00
0.00
0.00
0.00
0.00
0.00
0.00
0.00
0.00
0.00
0.00
0.00
0.00
0.00
0.00
0.00
0.00
0.00
0.00
0.00
0.00
0.00
0.00
0.00
0.00
0.00
0.00
0.00
0.00
0.00
0.00
0.00
0.00
0.00
0.00
0.00
0.00
0.00
0.00
0.00
0.00
0.00
0.00
0.00
0.00
0.00
0.00
0.00
0.00
0.00
0.00
0.00
0.00
0.00
0.00
0.00
0.00
0.00
0.00
0.00
0.00
0.00
0.00
0.00
0.00
0.00
0.00
0.00
0.00
0.00
0.00
0.00
0.00
0.00
0.00
0.00
0.00
0.00
0.00
0.00
0.00
0.00
0.00
0.00
0.00
0.00
0.00
0.00
0.00
0.00
0.00
0.00
0.00
0.00
0.00
0.00
0.00
0.00
0.00
0.00
0.00
0.00
0.00
0.00
0.00
0.00
0.00
0.00
0.00
0.00
0.00
0.00
0.00
0.00
0.00
0.00
0.00
0.00
0.00
0.00
0.00
0.00
0.00
0.00
0.00
0.00
0.00
0.00
0.00
0.00
0.00
0.00
0.00
0.00
0.00
0.00
0.00
0.00
0.00
0.00
0.00
0.00
0.00
0.00
0.00
0.00
0.00
0.00
0.00
0.00
0.00
0.00
0.00
0.00
0.00
0.00
0.00
0.00
0.00
0.00
0.00
0.00
0.21
0.23
0.23
0.22
0.00
0.00
0.03
0.04
0.04
0.04
0.03
0.04
0.03
0.03
0.03
0.04
0.24
0.23
0.24
0.24
0.24
0.24
0.24
0.23
0.23
0.23
0.24
0.24
0.00
0.00
0.00
0.00
0.00
0.00
0.00
0.00
0.00
0.00
0.00
0.00
0.00
0.00
0.00
0.00
0.00
0.00
0.00
0.00
0.00
0.00
0.00
0.00
0.00
0.00
0.00
0.00
0.00
0.00
0.00
0.00
0.00
0.00
0.00
0.00
0.00
0.00
0.00
0.00
0.00
0.00
0.00
0.00
0.00
0.00
0.00
0.00
0.00
0.00
0.00
0.00
0.00
0.00
0.00
0.00
0.00
0.00
0.00
0.00
0.00
0.00
0.00
0.00
0.00
0.00
0.00
0.00
0.00
0.00
0.00
0.00
0.00
0.00
0.00
0.00
0.00
0.00
0.00
0.00
0.00
0.00
0.00
0.00
0.00
0.00
0.00
0.00
0.00
0.00
0.00
0.00
0.00
0.00
0.00
0.00
0.00
0.00
0.00
0.00
0.00
0.00
0.00
0.00
0.00
0.00
0.00
0.00
0.00
0.00
0.00
0.00
0.00
0.00
0.00
0.00
0.00
0.00
0.00
0.00
0.00
0.00
0.00
0.00
0.00
0.00
0.00
0.00
0.00
0.00
0.00
0.00
0.00
0.00
0.00
0.00
0.00
0.00
0.00
0.00
0.00
0.00
0.00
0.00
0.00
0.00
0.00
0.00
0.00
0.00
0.00
0.00
0.00
0.00
0.00
0.00
0.00
0.00
0.00
0.00
0.00
0.00
0.00
0.00
0.00
0.00
0.00
0.00
0.00
0.00
0.00
0.00
0.00
0.00
0.00
0.00
0.00
0.00
0.00
0.00
0.00
0.00
0.00
0.00
0.00
0.00
0.00
0.00
0.00
0.00
0.00
0.00
0.00
0.00
0.00
0.00
0.00
0.00
0.00
0.00
0.00
0.00
0.00
0.00
0.00
0.00
0.00
0.00
0.00
0.00
0.00
0.00
0.00
0.00
0.00
0.00
0.00
0.00
0.00
0.00
0.00
0.00
0.00
0.00
0.00
0.00
0.00
0.00
0.00
0.00
0.00
0.00
0.00
0.00
0.00
0.00
0.00
0.00
0.00
0.00
0.00
0.00
0.00
0.00
0.00
0.00
0.00
0.00
0.00
0.00
0.00
0.00
0.00
0.00
0.00
0.00
0.00
0.00
0.00
0.00
0.00
0.00
0.00
0.00
0.00
0.00
0.00
0.00
0.00
0.00
0.00
0.00
0.00
0.00
0.00
0.00
0.00
0.00
0.00
0.00
0.00
0.00
0.00
0.00
0.00
0.00
0.00
0.00
0.00
0.00
0.00
0.00
0.00
0.00
0.00
0.00
0.00
0.00
0.00
0.00
0.00
0.00
0.00
0.00
0.00
0.00
0.00
0.00
0.00
0.00
0.00
0.00
0.00
0.00
0.00
0.00
0.00
0.00
0.00
0.00
0.00
0.00
0.00
0.00
0.00
0.00
0.00
0.00
0.00
0.00
0.00
0.00
0.00
0.00
0.00
0.00
0.00
0.00
0.00
0.00
0.00
0.00
0.00
0.00
0.00
0.00
0.00
0.00
0.00
0.00
0.00
0.00
0.00
0.00
0.00
0.00
0.00
0.00
0.00
0.00
0.00
0.00
0.00
0.00
0.00
0.00
0.00
0.00
0.00
0.00
0.00
0.00
0.00
0.00
0.00
0.00
0.00
0.00
0.00
0.00
0.00
0.00
0.00
0.00
0.00
0.00
0.00
0.00
0.00
0.00
0.00
0.00
0.00
0.00
0.00
0.00
0.00
0.00
0.00
0.00
0.00
0.00
0.00
0.00
0.00
0.00
0.00
0.00
0.00
0.00
0.00
0.00
0.00
0.00
0.00
0.00
0.00
0.00
0.00
0.00
0.00
0.00
0.00
0.00
0.00
0.00
0.00
0.00
0.00
0.00
0.00
0.00
0.00
0.00
0.00
0.00
0.00
0.00
0.00
0.00
0.00
0.00
0.00
0.00
0.00
0.00
0.00
0.00
0.00
0.00
0.00
0.00
0.00
0.00
0.00
0.00
0.00
0.00
0.00
0.00
0.00
0.00
0.00
0.00
0.00
0.00
0.00
0.00
0.00
0.00
0.00
0.00
0.00
0.00
0.00
0.00
0.00
0.00
0.00
0.00
0.00
0.00
0.00
0.00
0.00
0.00
0.00
0.00
0.00
0.00
0.00
0.00
0.00
0.00
0.00
0.00
0.00
0.00
0.00
0.00
0.00
0.00
0.00
0.00
0.00
0.00
0.00
0.00
0.00
0.00
0.00
0.00
0.00
0.00
0.00
0.00
0.00
0.00
0.00
0.00
0.00
0.00
0.00
0.00
0.00
0.00
0.00
0.00
0.00
0.00
0.00
0.00
0.00
0.00
0.00
0.00
0.00
0.00
0.00
0.00
0.00
0.00
0.00
0.00
0.00
0.00
0.00
0.00
0.00
0.00
0.00
0.00
0.00
0.00
0.00
0.00
0.00
0.00
0.00
0.00
0.00
0.00
0.00
0.00
0.00
0.00
0.00
0.00
0.00
0.00
0.00
0.00
0.00
0.00
0.00
0.00
0.00
0.00
0.00
0.00
0.00
0.00
0.00
0.00
0.00
0.00
0.00
0.00
0.00
0.00
0.01
0.07
0.06
0.00
0.00
0.07
0.02
0.00
0.08
0.08
0.08
0.08
0.08
0.08
0.07
0.08
0.07
0.06
0.06
0.00
0.06
0.06
0.02
0.06
0.06
0.06
0.06
0.06
0.06
0.06
0.06
0.06
0.06
0.06
0.06
0.06
0.00
0.00
0.00
0.00
0.00
0.00
0.00
0.01
0.00
0.07
0.07
0.00
0.06
0.07
0.00
0.00
0.00
0.00
0.07
0.07
0.07
0.07
0.07
0.07
0.07
0.00
0.05
0.06
0.22
0.07
0.00
0.06
0.01
0.00
0.04
0.01
0.06
0.06
0.00
0.00
0.00
0.00
0.07
0.07
0.06
0.06
0.06
0.06
0.08
0.09
0.02
0.00
0.00
0.00
0.01
0.01
0.07
0.07
0.00
0.07
0.07
0.06
0.00
0.00
0.00
0.05
0.07
0.07
0.07
0.07
0.07
0.07
0.07
0.07
0.07
0.06
0.02
0.06
0.00
0.06
0.06
0.06
0.08
0.13
0.01
0.01
0.07
0.07
0.00
0.07
0.01
0.02
0.07
0.00
0.00
0.00
0.01
0.00
0.07
0.08
0.07
0.01
0.00
0.00
0.08
0.07
0.07
0.08
0.08
0.08
0.08
0.07
0.08
0.06
0.22
0.15
0.15
0.00
0.00
0.00
0.01
0.01
0.06
0.06
0.06
0.00
0.07
0.06
0.06
0.07
0.08
0.07
0.07
0.08
0.08
0.03
0.08
0.08
0.08
0.08
0.08
0.07
0.07
0.05
0.06
0.08
0.08
0.07
0.01
0.00
0.00
0.00
0.07
0.08
0.08
0.01
0.07
0.08
0.08
0.07
0.07
0.08
0.08
0.07
0.00
0.07
0.07
0.00
0.00
0.00
0.00
0.00
0.00
0.00
0.00
0.00
0.00
0.00
0.00
0.00
0.00
0.00
0.00
0.07
0.00
0.06
0.00
0.00
0.00
0.06
0.00
0.07
0.07
0.08
0.09
0.08
0.08
0.07
0.00
0.01
0.02
0.06
0.08
0.08
0.07
0.01
0.01
0.08
0.08
0.05
0.08
0.00
0.08
0.08
0.08
0.08
0.07
0.08
0.08
0.07
0.07
0.00
0.07
0.00
0.00
0.00
0.00
0.00
0.01
0.01
0.06
0.08
0.08
0.07
0.00
0.07
0.07
0.07
0.00
0.00
0.00
0.25
0.27
0.25
0.18
0.18
0.26
0.25
0.25
0.24
0.01
0.01
0.07
0.07
0.05
0.06
0.00
0.01
0.00
0.02
0.06
0.06
0.00
0.00
0.00
0.00
0.00
0.08
0.00
0.00
0.07
0.08
0.07
0.00
0.00
0.00
0.07
0.06
0.06
0.08
0.06
0.08
0.00
0.08
0.06
0.06
0.06
0.00
0.07
0.06
0.00
0.00
0.07
0.08
0.03
0.06
0.08
0.08
0.08
0.00
0.06
0.07
0.07
0.07
0.01
0.00
0.01
0.00
0.00
0.07
0.07
0.00
0.00
0.00
0.00
0.00
0.07
0.00
0.00
0.06
0.06
0.01
0.08
0.07
0.08
0.08
0.08
0.08
0.08
0.05
0.26
0.00
0.10
0.11
0.11
0.09
0.00
0.10
0.09
0.11
0.10
0.10
0.10
0.10
0.10
0.07
0.06
0.06
0.06
0.08
0.09
0.10
0.06
0.12
0.06
0.06
0.09
0.09
0.10
0.15
0.15
0.12
0.04
0.03
0.08
0.10
0.10
0.09
0.10
0.07
0.10
0.09
0.07
0.09
0.09
0.07
0.13
0.13
0.12
0.13
0.06
0.06
0.10
0.13
0.13
0.12
0.12
0.07
0.13
0.11
0.11
0.12
0.12
0.06
0.11
0.06
0.10
0.10
0.10
0.11
0.11
0.11
0.10
0.11
0.10
0.11
0.10
0.11
0.08
0.10
0.08
0.11
0.11
0.11
0.11
0.10
0.11
0.07
0.15
0.15
0.15
0.15
0.15
0.15
0.15
0.15
0.15
0.15
0.10
0.14
0.13
0.11
0.08
0.10
0.08
0.10
0.11
0.10
0.10
0.10
0.10
0.10
0.10
0.11
0.10
0.08
0.10
0.13
0.09
0.12
0.10
0.12
0.11
0.11
0.09
0.11
0.09
0.05
0.05
0.04
0.07
0.06
0.13
0.03
0.05
0.09
0.08
0.09
0.09
0.10
0.10
0.09
0.10
0.10
0.10
0.10
0.06
0.09
0.07
0.07
0.06
0.06
0.07
0.07
0.07
0.08
0.08
0.11
0.11
0.10
0.10
0.11
0.10
0.04
0.05
0.01
0.06
0.05
0.05
0.10
0.10
0.09
0.10
0.09
0.10
0.02
0.05
0.11
0.06
0.03
0.06
0.06
0.09
0.05
0.02
0.11
0.10
0.11
0.05
0.10
0.09
0.10
0.10
0.10
0.10
0.07
0.11
0.11
0.14
0.14
0.08
0.09
0.10
0.11
0.10
0.10
0.14
0.09
0.10
0.09
0.10
0.04
0.06
0.08
0.14
0.09
0.09
0.10
0.08
0.10
0.10
0.09
0.10
0.10
0.08
0.10
0.08
0.11
0.11
0.11
0.12
0.12
0.09
0.00
0.09
0.06
0.09
0.00
0.06
0.11
0.07
0.10
0.00
0.11
0.11
0.11
0.08
0.08
0.11
0.08
0.08
0.11
0.08
0.11
0.10
0.10
0.08
0.07
0.07
0.08
0.11
0.07
0.11
0.11
0.12
0.12
0.08
0.09
0.10
0.10
0.10
0.07
0.07
0.10
0.07
0.07
0.08
0.07
0.08
0.11
0.11
0.08
0.08
0.11
0.08
0.08
0.08
0.08
0.08
0.06
0.04
0.10
0.09
0.10
0.10
0.08
0.07
0.14
0.06
0.06
0.10
0.09
0.06
0.10
0.08
0.10
0.10
0.10
0.12
0.10
0.10
0.14
0.15
0.15
0.07
0.07
0.14
0.12
0.12
0.07
0.14
0.14
0.07
0.07
0.10
0.11
0.07
0.10
0.07
0.07
0.12
0.14
0.14
0.12
0.12
0.07
0.10
0.07
0.10
0.07
0.10
0.10
0.08
0.10
0.10
0.10
0.10
0.10
0.10
0.06
0.08
0.09
0.08
0.06
0.09
0.10
0.06
0.06
0.08
0.08
0.10
0.12
0.12
0.06
0.10
0.12
0.11
0.10
0.15
0.10
0.09
0.11
0.07
0.10
0.06
0.14
0.10
0.03
0.11
0.10
0.10
0.10
0.08
0.10
0.11
0.13
0.09
0.13
0.13
0.08
0.04
0.04
0.05
0.05
0.11
0.12
0.11
0.11
0.10
0.07
0.07
0.07
0.05
0.09
0.09
0.10
0.09
0.11
0.09
0.11
0.12
0.12
0.10
0.07
0.12
0.09
0.11
0.11
0.12
0.10
0.10
0.08
0.11
0.10
0.10
0.08
0.10
0.10
0.02
0.00
0.00
0.06
0.11
0.08
0.05
0.06
0.07
0.06
0.06
0.04
0.05
0.08
0.06
0.05
0.05
0.05
0.05
0.05
0.05
0.11
0.11
0.10
0.12
0.11
0.10
0.10
0.10
0.07
0.10
0.10
0.10
0.00
0.10
0.07
0.10
0.10
0.10
0.10
0.10
0.10
0.10
0.10
0.10
0.10
0.06
0.06
0.06
0.08
0.11
0.10
0.05
0.05
0.15
0.15
0.09
0.10
0.10
0.10
0.10
0.10
0.10
0.07
0.10
0.10
0.10
0.07
0.07
0.10
0.10
0.10
0.11
0.12
0.12
0.11
0.10
0.10
0.10
0.10
0.10
0.10
0.10
0.10
0.10
0.10
0.10
0.12
0.10
0.10
0.10
0.07
0.10
0.10
0.09
0.08
0.12
0.12
0.05
0.03
0.03
0.12
0.05
0.12
0.05
0.05
0.10
0.13
0.10
0.10
0.10
0.12
0.12
0.09
0.07
0.10
0.10
0.09
0.09
0.09
0.09
0.10
0.10
0.05
0.03
0.03
0.03
0.03
0.03
0.09
0.11
0.13
0.12
0.07
0.07
0.07
0.07
0.07
0.07
0.07
0.07
0.07
0.07
0.07
0.07
0.07
0.07
0.07
0.07
0.07
0.10
0.07
0.07
0.07
0.08
0.09
0.10
0.09
0.03
0.12
0.03
0.00
0.07
0.07
0.07
0.07
0.07
0.07
0.07
0.08
0.08
0.08
0.05
0.10
0.10
0.10
0.04
0.08
0.08
0.02
0.07
0.03
0.06
0.10
0.07
0.07
0.10
0.09
0.02
0.14
0.10
0.10
0.11
0.12
0.11
0.00
0.06
0.01
0.01
0.00
0.03
0.09
0.15
0.10
0.10
0.10
0.01
0.09
0.10
0.10
0.10
0.10
0.06
0.06
0.06
0.05
0.10
0.13
0.14
0.13
0.14
0.10
0.10
0.10
0.10
0.10
0.10
0.09
0.11
0.10
0.06
