4920
4920
5144
5180
5184
5060
5264
5208
5036
5072
5024
4972
5160
5316
5144
5132
5064
5264
5004
5228
5456
5004
5256
4764
5336
5276
5328
5000
5256
5376
5300
5304
5328
5092
5260
5236
5072
4896
5284
5400
5048
5256
5044
5184
5004
5148
5252
5020
5168
5280
4888
5156
5204
5256
5016
5088
5136
5344
5048
4880
5248
5112
5236
4988
5108
4900
5300
5092
5096
5144
5104
5248
5232
5044
5060
5104
5156
5012
5360
5156
4980
5084
5156
4868
5088
5180
5024
5012
5248
4868
5116
4988
5176
4980
5156
5200
5248
5400
5296
5520
5024
4952
5224
5180
5252
5024
5332
5356
5048
5268
5112
5088
5252
5088
5024
4948
5100
5168
5120
5092
5144
4996
5100
4988
4988
5232
5240
4852
4824
5008
5080
4860
4904
4812
5096
5080
5156
5224
5260
5276
5288
5220
5360
5324
4836
5524
5100
4872
5044
4864
4932
4984
5424
5276
5184
5156
5116
5224
5212
5168
4804
5104
5236
5264
5008
5104
5116
5296
4928
5080
5220
4876
5124
5264
5100
4936
5256
5380
5052
5216
4968
5192
5260
5124
5268
5132
5024
5108
5156
5228
5120
4796
5092
5292
4716
4928
5024
5168
5200
5260
5084
5176
5148
4852
5172
4968
5260
5408
4904
5256
5128
5024
5064
4976
5032
5008
5232
5488
5032
5244
5268
5080
5160
4952
5176
5192
5304
5164
5240
5040
5196
5272
4952
5148
5176
5224
5172
5136
4892
5148
5236
5208
5060
5304
4800
5200
5260
4972
5048
5196
4924
5232
5196
5272
5172
5100
5136
5228
5288
5112
5196
5208
5384
5184
5216
4868
5160
4992
5204
5176
4996
5300
5176
5108
5184
5128
5060
5204
5196
5196
5024
5188
5136
5016
5360
5104
5496
5112
5424
5244
5004
4856
5224
4900
5192
5212
5312
5124
5228
5208
5232
5108
5232
5408
4936
5328
5360
5132
4900
5032
5128
5296
4872
5204
4968
5240
5200
5336
5272
5136
4796
5240
5252
5004
4984
5064
4996
5072
5084
5180
5144
5224
5132
4916
5288
4960
5232
5052
5196
5028
5320
5088
4896
5204
5040
5284
5168
4980
5060
5060
5208
5224
5152
5168
4996
4924
5164
5172
5180
5024
4864
5092
5200
5124
4980
5196
5152
5116
5016
4852
5124
5048
5024
4896
5148
4984
5208
5180
5184
5160
5304
5112
4900
5040
5196
5004
5112
4924
4912
4804
4884
5140
5220
5256
5380
5280
5116
5252
5140
4912
5176
5216
5284
5272
5156
5072
4988
5060
5188
5248
5196
5136
5104
5268
5176
5096
5196
4968
5120
5092
5140
4872
5040
4840
4960
5112
5272
5092
4700
4788
4828
10268
5988
5536
5500
5284
5472
5388
5116
5468
5456
5244
5212
5188
5288
5304
5568
5240
8188
8728
7992
7960
7944
8104
8108
7876
8024
8008
7932
8052
8552
7904
8528
8608
8508
8764
7968
8252
8300
7928
8404
8500
8980
8008
7928
8196
8680
8500
8704
9044
8256
8352
7988
7876
7552
7772
8400
7916
7844
7840
8036
8328
7764
7952
7636
8220
7604
7680
7808
7940
8240
8224
8472
7696
8252
7624
8076
7756
8336
7832
7916
7952
8032
8312
7852
7924
8112
7848
7980
8308
8000
8184
8172
8128
8328
8060
7968
8428
7864
8076
8328
8356
8028
8380
8404
8460
7864
7860
7644
7956
7708
8068
7896
8188
8688
8368
7996
7792
8288
8208
8308
8136
8228
7968
7912
7884
7852
7792
7536
8228
8092
7844
8020
7996
8152
8132
7756
7864
7940
7912
8204
7892
8188
7728
8084
7720
8584
8444
7976
8428
7628
7568
8236
8116
8688
8676
8096
8036
8428
8452
8376
8348
7884
8020
8100
8020
7904
7112
8076
8348
8156
8212
8244
7968
8256
8084
8000
7988
7800
7840
8436
7748
8040
8016
7888
8572
8384
8696
8264
8296
8320
8472
8636
8660
8552
8596
8712
8168
8124
8744
8604
8388
8596
8508
8464
8460
8352
8304
8296
8152
8616
8676
7616
8716
8580
8600
7208
8568
8428
7112
8168
8520
8468
8836
8616
8708
8584
8644
8508
8452
8684
8464
8520
8436
8664
8068
8100
8624
8840
8676
8240
9164
8724
8868
7752
7584
7904
8184
8284
8036
8040
8128
7880
8044
8152
8088
8300
7732
8136
7004
7772
7700
7956
7916
7500
7648
7876
7808
7496
7988
7936
8240
8052
6772
7900
8080
7552
7940
7156
7640
7956
7564
7188
7872
10920
8712
8920
8592
8600
8552
8812
9208
8708
8820
8836
8860
8512
8144
8740
7972
9412
8424
8736
9352
8704
8884
8840
8632
8548
8580
8428
8416
8744
8844
8696
9104
8856
8668
8492
8892
9424
8712
9052
8616
8872
8872
9104
8792
9560
9156
8668
8640
8784
8956
8448
9084
8908
9612
8340
9480
8920
10984
8600
8224
8920
9708
8728
8620
8860
9356
9888
8724
8584
8816
9620
8888
8728
8752
8600
9108
8900
8852
8948
9344
9264
8660
8824
8844
9264
9756
9928
8816
8664
8800
9264
9776
8288
9100
8856
8544
8604
8748
8888
8628
8484
8952
8820
11340
8512
11340
8812
8072
8604
8944
7284
9600
8732
8716
8888
8820
8596
8708
6776
9232
9148
9192
6016
5976
6088
5972
6212
6104
5760
6544
5968
6080
5816
5624
5780
6028
5868
6000
5852
6020
6008
5920
5924
5964
5876
6052
6016
5908
5880
6148
5928
6032
6032
5872
6064
5984
8784
6068
5724
6180
5956
5728
8580
5876
5888
5740
5780
9980
8088
15892
15776
15616
18788
15608
15820
15380
14496
15640
14576
15812
15736
16620
15740
15632
14996
15160
14816
14852
15552
14604
14620
14504
15828
15752
15904
15392
14648
14896
14696
16104
15536
15040
15364
15440
14628
17516
17904
14424
15464
15264
16052
14616
14724
13660
13332
18424
15356
15748
18100
15992
18064
14352
13556
11016
16004
20640
21388
21068
19388
21504
19344
5968
6472
6236
6136
8144
6928
6832
6368
6584
6936
6316
6776
7468
7064
18696
7420
19808
14892
4784
4940
4888
4612
4888
4932
4772
4600
4880
4920
4612
4900
4576
4864
4524
4940
4756
4944
4796
4928
4756
4884
5860
8768
7836
7840
7812
8012
7752
9116
8496
8004
8100
8864
13116
9100
5720
5716
5336
6116
5508
6088
6244
5068
5300
4804
5024
5732
4984
5064
6252
7368
6024
5044
5340
5408
5488
5500
5152
5444
5356
5192
5196
5172
5320
5076
5040
5220
5436
5524
5280
5468
5604
5052
5000
5508
5012
5016
5104
5064
5308
5748
5396
5304
5468
5184
5096
5308
4988
5400
5268
5148
4760
4912
5020
5104
4912
5084
5048
5188
5608
5356
5280
5188
5252
5340
5312
5132
5420
5188
6852
4972
6676
5308
5964
6156
6616
5448
5472
4916
5052
5060
5116
5104
5092
5176
5004
5276
5348
5336
5340
5656
6768
6024
5112
5696
8432
6568
7200
10476
7968
6864
8892
6868
6432
5600
5168
5588
5392
5544
5640
5552
4884
6928
8032
10868
9640
10576
5904
5428
5544
5856
5972
10840
5700
6208
6344
5664
5884
5500
5816
6404
5708
8140
9184
10632
7760
6316
11796
7576
10944
6492
6236
11028
6504
5640
6352
8824
8884
8940
12696
9148
7680
5568
6084
6060
6240
5900
6104
6080
6064
6796
6236
6124
5844
5796
6888
7336
7096
6052
10072
5732
5868
6016
6032
9664
6364
8380
7632
9672
6020
8380
7132
6208
7836
5968
6492
7888
6100
7652
6092
6136
10172
7436
5796
9920
7732
7596
6564
5252
5352
5156
5152
8072
8016
8040
7884
8008
7120
7748
7984
8844
8980
8576
7704
8640
7380
9000
7460
8940
8660
7136
6884
9064
7992
7328
7484
8892
9036
8716
8968
8608
8756
8868
7172
9116
8848
8824
8676
8696
9172
6852
9028
8636
9080
8688
8664
7256
8832
8696
7852
7200
8752
7204
7416
7136
8872
7164
6384
7056
8824
7120
8480
7392
8644
9024
7712
7540
9036
7884
7212
7548
7300
8876
8680
8760
6952
8612
7172
6580
6696
6764
6704
6780
6512
8820
6796
6808
7036
6712
6724
6492
6620
6660
7244
6720
7496
8932
8800
7452
7644
7568
8776
7584
8824
8664
9016
7432
7784
6796
7212
8564
8804
9240
8988
8592
8692
8740
7072
8732
8748
8968
6704
8736
7508
8872
8532
8732
8680
7212
7028
7652
6736
6696
7236
15688
4996
4880
4880
4984
4864
4832
4932
4820
4964
4920
4916
4744
4752
5016
4852
4744
4912
4864
4944
4812
4992
4840
4908
4988
4592
4888
4788
4604
4940
4788
4904
4892
4916
4784
4760
4904
4596
4600
4860
4884
4596
4924
4704
4612
4588
4924
4804
4836
4704
4752
4760
4744
4900
4972
4804
4852
4904
4620
4944
4912
4924
4996
4920
4996
4908
4936
4772
4940
4740
4852
4808
4788
4976
4900
4620
4944
4592
4896
4588
4752
4624
4936
4912
4992
4744
4572
5000
4948
4788
4936
4884
4872
4876
4844
4888
4772
4884
4612
4940
4852
4744
4600
4952
4940
4944
4992
4956
4856
4704
4816
4404
4884
4508
4856
4396
4748
4628
4708
4636
4748
4784
4584
4884
4804
4668
4784
4532
4804
4740
16064
4840
4636
4736
4776
4572
4692
4504
4672
4448
4768
4744
4456
4728
4400
4820
4716
4840
4736
4860
4724
4560
4680
4580
4452
4752
4724
4456
4560
4680
4852
4668
4844
4772
4624
4440
4744
4840
4776
4740
4680
4684
4736
4856
4660
4840
4432
4552
4740
4856
4752
4632
4452
4892
4792
4756
4760
4780
4616
4648
4768
4852
4648
4688
4808
4572
4780
4460
4828
4724
4696
4712
4768
4580
4676
4684
4672
4656
4860
14800
4428
4768
4760
4716
4768
4788
4684
4772
4748
4736
4608
4752
4816
4752
4780
4756
4664
4672
4760
4608
4452
4564
4732
4796
4852
4812
4844
4492
4832
4776
4696
4456
4444
4772
4760
4832
4680
4564
4456
4860
4744
4756
4632
4772
4772
4784
4492
4784
4668
4548
4788
4780
4848
4876
4876
4832
7684
4800
4864
4784
4824
4892
4740
8796
4828
15064
8804
4356
4588
4588
4528
4688
4904
4692
4772
4788
4880
4724
4680
15116
4852
4880
15148
8856
4748
4924
4448
4692
4760
4512
8560
4704
4696
4828
4876
4776
4752
4776
4784
4640
4804
4668
4868
4932
4496
4700
4832
8832
8436
4792
4776
4856
4696
4532
4712
4452
4780
4708
4824
4732
4772
4516
4580
4744
4660
4624
4568
4908
4788
4684
4536
5108
4852
4876
4752
4628
4720
4460
4444
4408
4512
4804
4752
4584
15368
4768
4688
4860
4716
4660
4812
4788
4652
4812
4860
4552
4696
4824
4692
4684
4564
4876
4724
4720
4768
4708
4588
4504
4528
4420
4852
4448
4432
4816
4448
4592
4692
4704
4736
4732
4620
4728
4436
4668
4848
8660
4456
4824
4836
4680
4908
4884
4740
4852
4796
4812
4860
4736
4456
4844
4392
4876
4520
4760
4692
4448
14948
4700
4724
4636
4868
4700
4836
4884
4820
4692
4796
4672
4880
4852
4680
4748
4672
4756
5028
4748
4680
4748
4900
4544
4856
4844
4816
4776
4680
4764
4492
4544
4644
4792
4672
4772
4516
4504
4652
4876
4780
4844
4744
4784
4760
4776
4684
4852
4680
4504
4696
4672
4816
4816
4840
4864
4836
4864
4704
4728
4824
4544
4836
4868
4836
4740
4832
4752
4696
4764
4684
4500
4928
4896
4896
4856
4524
4844
4908
4528
4648
4804
4808
4832
4860
4836
4864
4716
4528
4836
4884
4912
4796
4688
4596
4824
4800
4928
4732
4960
5480
5372
5488
5576
5144
5572
4920
5004
4952
4940
4696
5012
4844
5000
4820
4968
4796
5012
4960
4928
4676
5076
4872
5000
5096
5144
5116
4884
5080
5268
5236
4868
5172
5172
5064
4936
4528
4848
4856
4716
4872
4832
4880
4884
4856
4920
4824
4660
4788
4908
4548
4784
4852
4884
4828
4880
4844
4752
4800
4812
4524
4748
4912
4504
4524
4480
4832
4528
4644
4848
4480
4648
4644
4804
4480
4668
4752
4680
4728
4852
4764
4792
4860
4708
4680
4652
4808
4688
4832
4568
4884
4768
4900
4768
4568
4884
4932
4612
4724
4948
4728
4892
4916
4780
4920
4844
4848
4768
4648
4788
4808
4832
4820
4852
4664
4592
4848
4832
4508
4876
4840
4864
4756
4856
4516
4520
4812
4832
4880
4488
4776
4780
4540
4844
4772
4740
4868
4784
4656
4792
4656
4704
4748
4696
4812
4740
4812
4688
4880
4520
4852
4832
4844
4748
4776
4532
4520
4820
4844
4524
4792
4696
4800
4796
4892
4840
4892
4804
4840
4748
4492
4852
4908
4768
4692
4520
4908
4764
4912
4828
4816
4468
4536
4760
4720
4736
4576
4860
4868
4844
4812
4892
4580
4904
4748
4816
4892
4800
4940
4728
4852
4744
4896
4660
4936
4876
5328
5140
5472
5248
4548
4692
5004
5012
5084
5088
4876
5056
5024
5036
5048
5012
5324
5372
5488
5108
5128
5448
5512
5120
5296
5304
5464
5116
4700
4632
4752
4872
4880
4844
4812
4840
4884
4868
4864
4868
4504
4684
4716
4844
4836
4840
4872
4648
4848
4792
4836
4520
4696
4700
4696
4828
4532
4516
4680
4844
4832
4772
4540
4920
4560
4760
4836
4688
4888
4808
4792
4844
4812
4872
4880
4912
4864
4856
4760
4708
4548
4828
4700
4564
4724
4904
4816
4780
4680
4928
4872
4672
4860
4708
4856
4800
4880
4808
4808
4924
4664
4692
4536
4884
4896
4672
4816
4808
4628
4828
4788
4856
4848
4876
4868
4780
4700
4756
4744
4788
4820
4868
4856
4836
4788
4716
4836
4812
4856
4844
4928
4876
4872
4828
4840
4744
4524
4700
4780
4872
4788
4900
4512
4684
4752
4716
4856
4828
4816
4812
4628
4800
4804
4568
4752
4660
4660
4640
4904
4912
4484
4816
4844
4704
4868
4868
4688
4780
4524
4824
4864
4504
4548
4868
4716
4872
4680
4828
4796
4856
4784
4648
4820
4860
4752
4828
4656
4888
4720
4816
4864
4768
4772
4752
4832
4648
4828
4848
4520
4820
4788
4848
4788
4664
4740
4768
4804
4708
4900
4896
4688
4912
4880
4780
4864
4628
4676
4708
4792
4816
4876
4824
4692
4676
4852
4928
4844
4836
4872
4828
4764
4704
4800
4652
4908
4872
4732
4876
4520
4796
4788
4692
4876
4816
4896
4824
4832
4820
4528
4760
4832
4876
4888
4796
4732
4868
4748
4528
4532
4692
4732
4776
4920
4860
4920
4828
4876
4812
4632
4804
4844
4544
4536
4572
4908
4824
4888
4532
4852
4812
4872
4868
4540
4812
4768
4828
4908
4704
4812
4780
4836
4832
4548
4796
4796
4824
4824
4796
4888
4904
4872
4908
4516
4844
4712
4544
4776
4692
4836
4744
4908
4696
4840
4796
4868
4560
4556
4756
4692
4864
4524
4536
4704
4496
4896
4872
4872
4900
4828
4876
4612
4700
4864
4800
4856
4696
4884
4888
4828
4548
4680
4900
4528
4668
4792
4764
4876
4852
4812
4744
4828
4832
4832
4916
4752
4552
4688
4760
4660
4872
4704
4788
4824
4912
4684
4656
4648
4852
4680
4700
4692
4784
4884
4632
4884
4872
4676
4804
4628
4824
4540
4924
4548
4540
4856
4556
4740
4864
4940
4772
4920
4828
4472
4888
4864
4812
4880
4564
4808
4556
4852
4700
4524
4844
4792
4900
4656
4544
4876
4880
4884
4916
4816
4812
4868
4828
4636
4772
4556
4780
4520
4832
4776
4784
4736
4872
4716
4656
4892
4856
4756
4704
4908
4508
4908
4824
4796
4508
4908
4932
4848
4552
4496
4504
4852
4864
4796
4892
4568
4720
4852
4700
4836
4768
4860
4692
4524
4752
4512
4864
4760
4752
4524
4836
4872
4820
4800
4744
4784
4692
4864
4632
4796
4888
4856
4812
4804
4736
4848
4780
4560
4884
4656
4900
4912
4904
4692
4716
4856
4836
4752
4844
4800
4880
4768
4824
4920
4672
4704
4924
4832
4844
4844
4772
4560
4648
4828
4880
4744
4892
4788
4884
4700
4856
4760
4776
4552
4560
4660
4812
4828
4820
4676
4812
4880
4864
4736
4896
4860
4832
4772
4700
4816
4832
4844
4820
4684
4816
4552
4676
4836
4672
4844
4860
4840
4700
4872
4504
4784
4812
4552
4872
4892
4528
4844
4852
4660
4676
4872
4800
4812
4876
4928
4896
4816
4784
4560
4868
4612
4516
4836
4780
4656
4872
4908
4888
4716
4868
4732
4884
4884
4524
4772
4508
4880
4808
4664
4860
4860
4764
4712
4820
4884
4724
4824
4760
4836
4764
4892
4720
4648
4796
4532
4788
4860
4520
4872
4824
4864
4752
4784
4808
4832
4876
4712
4720
4580
4536
4740
5220
5112
4564
4804
5228
4700
4920
5064
5240
5216
5060
5232
5128
5076
5304
5268
4860
5128
4772
4824
5160
5080
4852
4816
5136
5016
4960
5120
5028
5124
5108
5072
5148
4808
5116
4812
4808
4728
4680
4864
4896
4932
4956
4896
5256
5204
4612
5124
5068
4912
4816
4924
4840
5260
5184
5232
5124
5224
5308
4876
4772
4944
5176
5216
5140
4932
5148
4788
4960
5160
4836
5208
5236
4892
4864
4920
4608
5272
5300
5188
4800
5116
4984
5280
5180
4680
4784
4800
4748
4868
4916
5172
5232
4892
5144
5200
4796
4848
4884
4836
5136
5212
5120
5236
4940
5208
5060
5128
5048
4920
5052
4924
5104
4584
5020
5192
5176
4992
5252
4868
4852
5224
5156
4744
5264
4868
4972
5032
4796
4844
4900
4884
4840
5260
5160
5096
4824
4724
4724
4940
5040
5276
4916
4928
5292
5244
4912
4888
5156
5340
5248
5224
4728
4844
4580
4972
4944
5176
5212
5120
4956
5044
5120
5204
5184
4852
5124
5204
5172
5264
5080
5204
5184
5212
5192
5136
5192
5128
5068
5192
5156
5048
5220
4736
4772
4716
4856
5024
5044
5256
4712
5208
4992
5284
5240
5284
5232
5188
5168
4772
4904
5184
4956
4828
4892
4868
4832
4768
4916
4928
4784
4896
4868
4568
4920
4584
4732
4816
4896
4940
4888
4736
4840
4816
5000
4864
5216
5216
4904
5248
4944
5240
4900
4692
4892
4656
5040
5276
5236
5280
4964
4984
5036
4904
5052
5228
4804
5204
4900
4788
5184
5152
4840
5052
4832
5168
4720
5284
4864
4968
4964
4688
4856
4864
4888
5200
4880
5204
5232
4904
5160
4856
5172
4980
4892
4892
5664
5244
5556
5452
5268
5604
5564
5588
5520
4876
4520
4884
5140
4992
5220
4900
4716
4868
4940
5096
5136
4792
4824
4768
4560
4860
4896
4796
4876
5140
5160
5184
4912
4552
4772
5280
5084
5104
4948
5208
5396
4844
5172
5116
4992
5204
4784
5188
5120
4816
4868
5264
4932
4996
5172
5260
5108
5240
4828
4884
5248
5272
4880
4592
4936
4908
4784
4728
5052
5144
4592
4776
4824
4908
4576
5084
4828
4824
5132
5108
4736
5160
4988
5160
5024
5192
4912
5036
5168
5540
4872
5344
5292
4924
5208
4692
5228
5284
5348
5264
5208
5260
5340
5248
5152
5068
5232
5160
5272
4940
5188
5140
5216
5100
5156
4984
5260
5176
5372
5000
5340
5136
4908
5060
5160
5284
5292
5260
5172
4980
5304
5040
4916
5192
4792
5228
5360
4960
5256
4952
5136
5112
5016
5384
5244
5104
5060
5000
5284
5252
5304
5256
5184
5208
5136
4900
5264
5256
5356
5208
5220
5236
5300
5112
5364
5284
5292
5104
4952
5232
5140
5292
4968
5196
5264
5240
5236
5340
5188
5232
5344
5432
5432
5168
5152
5260
5292
5224
5288
5260
5132
5024
5320
5236
5116
5344
5236
5232
4964
5260
5180
5260
5288
5100
5192
5260
5240
5116
5012
5292
5380
5276
5276
5144
5072
4916
4808
5048
5036
5116
4928
5416
5056
5180
5164
5232
5192
5112
5352
5060
5248
5156
5240
5304
5156
5112
5156
5136
4796
5108
5064
5200
5096
5172
5216
5144
5112
5220
4908
5276
5280
5356
4892
4928
4980
5104
5008
5184
5244
5052
4880
5076
5044
4932
5016
5168
5112
5112
5000
5116
5124
5180
5116
5012
5220
5132
5168
5132
5260
5084
5308
5116
5128
5128
5040
5156
5036
5268
5124
5188
4912
5240
5232
5176
5264
5192
4988
5356
5116
5360
5120
5072
5208
5132
5064
5184
5124
5148
5112
5232
5292
5232
5200
5188
5168
5128
5248
5304
5240
5140
5300
5048
4520
4948
4972
5244
4820
5176
5204
5092
5224
4656
5272
5164
5256
5020
5116
5252
5072
4860
4880
5200
5328
4928
5124
4840
5248
4840
5284
5236
4952
5284
5252
5140
5284
5228
5064
5308
5252
5292
4988
5016
5156
5176
5180
5260
5196
5112
5248
5152
5180
5184
5124
5188
5144
5208
5092
5164
5156
5004
5276
4852
4952
5248
5144
4948
5244
5148
5148
5256
4948
5064
5192
4996
5244
5096
5236
5256
4992
5196
5440
5316
5240
5260
5248
5300
5128
5280
5072
5312
5208
5176
5028
5144
5092
5284
5352
5240
5264
5248
5292
5128
5328
5128
5228
5300
5008
5324
5180
5284
5276
5172
5244
5280
4932
5228
5292
5220
5136
5220
5236
5152
5120
5216
5228
4948
4920
5228
5212
5264
4956
5132
5168
5348
5052
5056
5308
5228
5160
5260
5332
5156
5292
5192
5000
5072
5048
5248
5312
5228
5316
5024
5224
5112
5396
5236
5056
5356
4880
5148
5100
5084
4944
4964
5096
5180
5076
5104
5096
5152
5020
5172
5220
5284
5184
5152
5332
4932
5308
5144
5252
5148
5048
5296
5264
5132
5100
5240
5276
4956
5124
4920
4984
5228
5072
5140
5328
5008
4880
4888
5032
5324
5240
4964
5160
5212
5036
5188
4792
4984
5176
5132
5028
4932
4720
5056
5120
5016
5176
5004
5120
5288
5320
5108
5112
5236
4852
5148
5192
5108
4880
5100
5164
5296
5280
5260
5232
5256
5296
5212
5336
4944
5288
4828
5112
5160
5168
5240
5264
5100
5048
5372
5368
5240
4928
5276
5152
5068
5192
5196
5000
5132
4928
5084
5132
5108
4976
5328
4892
5176
5340
5008
5276
5320
5084
5180
5256
5092
5116
4924
5160
5104
5192
4936
5340
5188
5220
5184
5164
5108
5144
5252
5184
5280
5140
5092
5064
5084
5096
5160
5316
4796
4932
5212
5276
4904
5232
5276
5332
5240
5256
4912
5172
5268
4968
4996
5192
5264
5080
5272
5032
4940
5060
5076
4992
5112
5160
5204
5312
5268
5104
5004
5012
5160
5164
5084
4860
5160
5152
5152
5204
5208
5136
4852
5000
4972
4868
5172
5124
5152
5092
5136
5168
5088
5056
5016
5156
5004
4748
5092
5120
4884
5144
4876
5260
5044
5040
5168
5188
5184
4912
5272
5028
5088
5156
5168
4952
5248
5048
5160
5344
5028
5128
5340
5220
4956
5036
5148
5192
5324
5328
5340
4788
5012
4800
4752
4820
4764
4892
5328
5264
5244
5124
4752
5192
5304
5112
5308
5244
5148
5168
5100
4820
4960
5172
5212
5276
5388
5152
5276
5356
5228
5292
5248
5160
5200
5144
5156
