0.04
0.04
0.05
0.06
0.08
0.07
0.08
0.08
0.03
0.07
0.06
0.11
0.05
0.07
0.06
0.11
0.07
0.11
0.05
0.10
0.15
0.12
0.12
0.04
0.12
0.08
0.12
0.12
0.12
0.12
0.12
0.12
0.10
0.05
0.10
0.11
0.09
0.07
0.11
0.12
0.08
0.14
0.10
0.07
0.06
0.07
0.10
0.03
0.11
0.11
0.03
0.09
0.11
0.11
0.07
0.04
0.12
0.12
0.08
0.08
0.11
0.09
0.08
0.06
0.11
0.10
0.10
0.05
0.12
0.11
0.10
0.12
0.09
0.15
0.09
0.06
0.06
0.07
0.09
0.06
0.09
0.08
0.07
0.06
0.06
0.12
0.06
0.04
0.07
0.06
0.09
0.06
0.06
0.06
0.09
0.06
0.08
0.14
0.14
0.18
0.05
0.09
0.09
0.06
0.10
0.07
0.10
0.10
0.08
0.11
0.07
0.06
0.07
0.03
0.06
0.08
0.08
0.07
0.06
0.06
0.05
0.06
0.05
0.05
0.05
0.07
0.09
0.06
0.05
0.07
0.05
0.07
0.08
0.07
0.06
0.05
0.08
0.09
0.07
0.10
0.07
0.08
0.09
0.10
0.08
0.15
0.06
0.06
0.07
0.07
0.09
0.08
0.14
0.09
0.05
0.05
0.03
0.07
0.06
0.07
0.07
0.07
0.08
0.09
0.08
0.06
0.06
0.08
0.08
0.07
0.08
0.08
0.06
0.07
0.06
0.07
0.07
0.12
0.08
0.08
0.10
0.11
0.10
0.13
0.09
0.06
0.03
0.13
0.06
0.11
0.13
0.04
0.13
0.07
0.03
0.08
0.06
0.06
0.06
0.10
0.06
0.05
0.05
0.05
0.05
0.03
0.14
0.14
0.03
0.08
0.07
0.05
0.05
0.04
0.04
0.06
0.08
0.17
0.07
0.09
0.11
0.06
0.06
0.05
0.06
0.05
0.10
0.10
0.11
0.06
0.07
0.10
0.08
0.06
0.06
0.08
0.06
0.06
0.08
0.07
0.08
0.09
0.08
0.13
0.02
0.19
0.08
0.05
0.11
0.07
0.04
0.10
0.06
0.08
0.06
0.10
0.07
0.06
0.07
0.06
0.06
0.06
0.11
0.07
0.07
0.07
0.07
0.07
0.07
0.07
0.07
0.07
0.07
0.05
0.11
0.08
0.08
0.09
0.06
0.07
0.07
0.15
0.06
0.07
0.11
0.05
0.17
0.11
0.14
0.07
0.09
0.07
0.12
0.09
0.08
0.11
0.12
0.08
0.08
0.10
0.09
0.11
0.08
0.17
0.11
0.11
0.11
0.07
0.08
0.04
0.08
0.08
0.09
0.11
0.06
0.09
0.06
0.12
0.10
0.11
0.06
0.10
0.12
0.06
0.06
0.08
0.13
0.04
0.04
0.06
0.04
0.10
0.10
0.04
0.08
0.08
0.08
0.03
0.06
0.03
0.11
0.06
0.07
0.07
0.06
0.08
0.06
0.05
0.08
0.05
0.06
0.07
0.06
0.06
0.08
0.08
0.07
0.06
0.06
0.07
0.06
0.05
0.08
0.06
0.05
0.07
0.08
0.06
0.07
0.06
0.11
0.05
0.06
0.06
0.06
0.06
0.08
0.07
0.05
0.08
0.11
0.05
0.08
0.06
0.06
0.06
0.04
0.05
0.07
0.07
0.08
0.06
0.06
0.07
0.11
0.08
0.05
0.06
0.06
0.07
0.06
0.08
0.08
0.08
0.05
0.10
0.03
0.06
0.06
0.06
0.07
0.10
0.06
0.12
0.08
0.03
0.07
0.09
0.06
0.04
0.06
0.05
0.06
0.08
0.09
0.08
0.08
0.10
0.03
0.05
0.06
5.81
0.72
0.23
0.20
0.15
0.21
0.19
0.16
0.18
0.24
0.15
0.15
0.11
0.11
0.12
0.28
0.19
1.87
1.87
1.80
1.78
1.79
1.81
1.86
1.81
1.85
1.85
1.83
1.82
1.87
1.83
1.93
1.89
1.89
1.83
1.78
1.81
1.81
1.78
1.85
1.84
2.13
1.93
1.69
1.82
2.08
1.92
2.02
2.05
1.91
1.86
1.84
1.74
1.68
1.66
1.99
2.04
2.04
1.74
2.04
2.05
1.69
1.96
1.80
1.89
1.48
1.68
1.77
1.78
1.92
2.05
2.05
1.79
1.92
1.76
1.85
1.80
1.99
1.77
1.94
1.92
1.82
2.07
1.92
2.07
2.07
2.06
2.07
2.07
2.39
2.02
1.89
2.08
2.10
1.88
1.78
2.04
1.96
1.93
1.92
2.07
1.87
2.01
2.02
2.01
1.76
1.91
1.80
1.70
1.71
1.90
1.88
1.99
1.99
1.91
1.72
1.85
1.89
1.95
1.96
1.87
2.05
1.80
1.81
1.81
1.91
1.91
1.77
1.71
1.75
1.94
1.93
1.92
2.04
1.89
1.91
1.80
1.74
1.64
1.90
1.98
1.85
1.99
2.01
1.96
2.15
2.15
1.87
1.94
1.65
1.85
1.91
1.78
2.16
2.15
1.98
1.81
1.87
2.05
2.03
2.03
1.72
1.85
2.03
1.82
1.87
1.35
1.92
2.05
2.02
1.99
1.90
1.80
1.98
2.02
1.80
1.84
1.76
1.93
2.02
1.68
1.93
1.94
1.78
2.03
1.89
2.03
1.99
2.04
2.05
1.99
2.01
2.04
1.99
2.01
2.03
1.82
1.87
1.99
2.03
2.00
1.99
1.88
2.04
1.99
1.88
2.00
1.91
1.92
1.99
1.92
1.84
2.03
2.03
2.01
1.37
1.98
2.04
1.30
2.03
2.05
1.88
2.06
2.02
2.05
2.00
2.03
1.90
1.90
1.91
1.92
1.92
1.99
2.04
1.86
1.87
1.84
2.04
2.04
2.09
2.03
1.95
1.97
1.76
1.79
2.04
2.02
2.02
1.78
1.77
1.79
1.78
1.86
1.91
1.93
2.07
1.82
1.85
1.86
1.88
1.92
1.89
1.82
1.86
1.83
1.87
1.91
1.83
2.04
1.85
1.92
1.85
1.83
1.92
1.90
1.83
1.92
1.93
1.99
1.69
1.88
1.92
1.84
4.77
2.82
2.79
2.73
2.98
2.87
2.89
3.21
2.67
2.93
2.86
3.01
2.67
2.35
2.71
2.38
3.33
2.65
2.88
3.46
2.84
2.83
2.84
2.69
2.66
2.75
2.74
2.52
2.87
2.81
2.85
2.88
2.90
2.92
2.71
2.93
3.59
3.00
3.20
3.28
2.83
2.94
2.90
2.88
1.83
2.94
2.98
2.91
2.82
2.95
2.79
2.88
2.84
3.02
2.88
2.99
3.05
4.39
2.94
2.66
2.85
3.03
2.91
3.00
2.83
3.51
3.66
2.70
2.69
2.90
3.02
2.82
2.80
2.82
2.81
2.89
2.81
2.94
2.95
3.97
4.25
2.87
2.81
2.97
3.85
4.43
4.18
2.78
2.70
2.81
3.00
3.03
2.72
2.91
2.92
2.85
3.00
2.96
2.68
2.82
2.80
2.89
2.90
4.53
2.68
4.83
2.89
2.14
2.89
2.79
1.67
3.35
2.98
2.78
2.82
2.82
2.85
2.79
1.37
2.86
2.86
2.87
0.61
0.57
0.62
0.59
0.66
0.60
0.44
1.31
0.61
0.64
0.62
0.57
0.62
0.59
0.58
0.56
0.57
0.58
0.59
0.59
0.60
0.59
0.64
0.64
0.61
0.62
0.61
0.63
0.63
0.60
0.59
0.62
0.61
0.59
3.10
0.63
0.59
0.65
0.65
0.59
3.54
0.58
0.61
0.60
0.59
3.34
1.89
7.34
7.38
7.33
8.24
7.69
7.50
7.34
7.10
7.48
7.74
7.55
7.57
8.16
7.57
7.51
7.35
7.26
7.35
7.38
7.52
7.52
7.75
7.55
7.37
7.32
7.57
7.48
7.35
7.44
7.95
7.56
7.82
7.54
7.50
7.57
7.81
9.00
8.95
7.72
7.50
7.49
7.74
6.87
7.22
6.76
6.36
9.24
7.78
7.75
8.12
7.98
7.52
7.33
7.42
7.19
7.72
11.61
7.80
11.42
14.87
18.92
12.22
0.92
1.07
1.02
0.87
3.00
1.48
1.74
0.94
1.35
1.71
1.14
1.41
1.88
1.57
17.20
1.97
11.32
7.53
0.01
0.01
0.00
0.01
0.00
0.01
0.00
0.00
0.00
0.00
0.00
0.01
0.00
0.01
0.00
0.00
0.00
0.01
0.01
0.00
0.00
0.01
0.73
1.97
1.82
1.85
1.87
1.93
1.95
1.82
2.73
1.70
2.10
2.94
6.79
2.91
0.34
0.42
0.37
0.62
0.27
0.89
0.92
0.04
0.09
0.05
0.04
0.41
0.04
0.17
0.91
2.76
0.69
0.08
0.24
0.24
0.23
0.20
0.23
0.15
0.14
0.12
0.14
0.13
0.12
0.10
0.10
0.18
0.18
0.22
0.17
0.19
0.24
0.06
0.07
0.20
0.05
0.05
0.05
0.05
0.20
0.34
0.17
0.15
0.20
0.14
0.11
0.13
0.13
0.16
0.11
0.05
0.03
0.03
0.04
0.04
0.08
0.03
0.14
0.15
0.25
0.15
0.11
0.10
0.11
0.14
0.13
0.11
0.14
0.11
1.11
0.11
0.82
0.17
0.49
0.75
1.00
0.22
0.15
0.04
0.03
0.05
0.04
0.04
0.10
0.13
0.14
0.15
0.15
0.15
0.13
0.25
1.67
0.60
0.05
0.64
2.80
1.24
1.97
6.25
3.16
1.86
4.07
1.67
1.32
0.32
0.10
0.34
0.26
0.33
0.37
0.33
0.09
1.70
2.73
5.07
3.26
5.52
0.51
0.42
0.29
0.57
0.49
6.17
0.34
0.83
1.18
0.37
0.49
0.48
0.48
0.79
0.41
3.09
4.10
6.51
2.05
0.89
6.65
1.78
5.30
1.23
0.80
5.17
0.78
0.30
0.66
2.84
2.87
2.96
5.56
3.16
2.19
0.41
0.66
0.56
0.62
0.62
0.58
0.63
0.59
1.63
0.63
0.64
0.59
0.59
1.19
1.95
1.80
0.59
3.48
0.60
0.64
0.65
0.59
3.38
1.07
3.07
1.91
3.13
0.60
2.82
1.81
0.60
2.00
0.51
1.30
2.38
0.60
2.43
0.64
0.65
3.38
2.58
0.60
3.31
2.49
2.44
0.87
0.16
0.21
0.18
0.19
1.83
1.92
1.69
2.00
1.93
1.43
2.11
1.85
2.95
3.00
2.89
1.48
2.85
1.64
2.83
1.49
2.81
2.93
1.64
1.37
2.78
1.51
1.59
1.70
2.79
2.81
2.65
2.80
2.88
2.89
2.95
1.61
2.89
2.94
2.93
2.73
2.91
2.87
1.49
2.85
2.98
2.88
2.86
2.89
1.50
2.92
2.92
1.86
1.42
2.89
1.55
1.62
1.38
2.88
1.51
1.28
1.39
2.93
1.47
2.93
1.41
2.91
2.84
1.53
1.42
2.84
1.42
1.54
1.48
1.42
2.94
2.98
2.93
1.41
2.86
1.44
1.45
1.37
1.37
1.33
1.34
1.33
2.80
1.38
1.40
1.36
1.34
1.34
1.28
1.27
1.29
1.57
1.35
1.37
2.90
2.78
1.40
1.88
1.50
2.93
1.60
2.83
2.91
2.82
1.42
1.42
1.21
1.47
2.87
2.92
3.09
2.83
2.75
2.75
2.91
1.47
2.96
2.88
2.99
1.60
2.92
1.49
2.91
2.72
2.90
2.95
1.72
1.28
1.51
1.33
1.37
1.62
7.33
0.01
0.01
0.01
0.00
0.01
0.01
0.01
0.01
0.01
0.01
0.01
0.01
0.01
0.01
0.01
0.01
0.01
0.01
0.01
0.01
0.01
0.01
0.01
0.01
0.01
0.01
0.01
0.00
0.01
0.01
0.01
0.01
0.01
0.01
0.01
0.01
0.01
0.01
0.01
0.01
0.01
0.01
0.00
0.01
0.01
0.01
0.01
0.01
0.01
0.01
0.01
0.01
0.01
0.01
0.01
0.01
0.00
0.00
0.01
0.01
0.01
0.01
0.01
0.01
0.01
0.01
0.01
0.01
0.01
0.01
0.00
0.01
0.01
0.01
0.01
0.01
0.01
0.01
0.01
0.01
0.01
0.01
0.01
0.01
0.01
0.01
0.01
0.01
0.01
0.01
0.00
0.01
0.01
0.01
0.01
0.01
0.01
0.01
0.01
0.01
0.01
0.01
0.01
0.01
0.01
0.01
0.01
0.01
0.01
0.01
0.02
0.00
0.00
0.00
0.00
0.00
0.00
0.00
0.00
0.00
0.00
0.00
0.00
0.00
0.00
0.00
0.00
0.00
0.00
7.30
0.00
0.00
0.00
0.00
0.00
0.00
0.00
0.00
0.00
0.00
0.00
0.00
0.00
0.00
0.00
0.00
0.00
0.00
0.00
0.00
0.00
0.00
0.00
0.00
0.00
0.00
0.00
0.00
0.00
0.00
0.00
0.00
0.00
0.00
0.00
0.00
0.00
0.00
0.00
0.00
0.00
0.00
0.00
0.00
0.00
0.00
0.00
0.00
0.00
0.00
0.00
0.00
0.00
0.00
0.00
0.00
0.00
0.00
0.00
0.00
0.00
0.00
0.00
0.00
0.00
0.00
0.00
0.00
0.00
0.00
0.00
0.00
0.00
0.00
0.00
0.00
0.00
0.00
6.37
0.00
0.00
0.00
0.00
0.00
0.00
0.00
0.00
0.00
0.00
0.00
0.00
0.00
0.00
0.00
0.00
0.00
0.00
0.00
0.00
0.00
0.00
0.00
0.00
0.00
0.00
0.00
0.00
0.00
0.00
0.00
0.00
0.00
0.00
0.00
0.00
0.00
0.00
0.00
0.00
0.00
0.00
0.00
0.00
0.00
0.00
0.00
0.00
0.00
0.00
0.00
0.00
0.00
0.00
0.00
0.00
1.19
0.00
0.00
0.00
0.00
0.00
0.00
1.88
0.00
6.55
1.89
0.00
0.00
0.00
0.00
0.00
0.01
0.00
0.00
0.01
0.00
0.00
0.00
6.52
0.00
0.00
6.51
1.94
0.00
0.00
0.00
0.00
0.00
0.00
1.74
0.00
0.00
0.00
0.00
0.00
0.00
0.00
0.00
0.00
0.00
0.00
0.00
0.01
0.00
0.00
0.00
1.88
1.92
0.00
0.00
0.00
0.00
0.00
0.00
0.00
0.00
0.00
0.00
0.00
0.00
0.00
0.00
0.00
0.00
0.00
0.00
0.00
0.00
0.00
0.00
0.05
0.00
0.06
0.00
0.00
0.00
0.00
0.00
0.00
0.00
0.00
0.00
0.00
6.77
0.00
0.00
0.00
0.00
0.00
0.00
0.00
0.00
0.00
0.00
0.00
0.00
0.00
0.00
0.00
0.00
0.00
0.00
0.00
0.00
0.00
0.00
0.00
0.00
0.00
0.00
0.00
0.00
0.00
0.00
0.00
0.00
0.00
0.00
0.00
0.00
0.00
0.00
0.00
0.00
1.86
0.00
0.00
0.00
0.00
0.00
0.00
0.00
0.00
0.00
0.00
0.00
0.00
0.00
0.00
0.00
0.00
0.00
0.00
0.00
0.00
6.58
0.00
0.00
0.00
0.00
0.00
0.00
0.00
0.00
0.00
0.00
0.00
0.00
0.00
0.01
0.00
0.00
0.00
0.01
0.00
0.00
0.00
0.00
0.00
0.00
0.00
0.00
0.00
0.00
0.00
0.00
0.00
0.00
0.00
0.00
0.00
0.00
0.00
0.00
0.00
0.00
0.00
0.00
0.00
0.00
0.00
0.00
0.00
0.00
0.00
0.00
0.00
0.00
0.00
0.00
0.00
0.00
0.00
0.00
0.00
0.00
0.00
0.00
0.00
0.00
0.00
0.00
0.00
0.00
0.00
0.00
0.00
0.00
0.00
0.00
0.00
0.00
0.00
0.00
0.00
0.00
0.00
0.00
0.00
0.00
0.00
0.00
0.00
0.00
0.00
0.00
0.00
0.00
0.00
0.00
0.00
0.00
0.00
0.00
0.00
0.16
0.14
0.15
0.19
0.16
0.16
0.01
0.01
0.02
0.02
0.02
0.02
0.02
0.02
0.01
0.01
0.01
0.01
0.01
0.03
0.03
0.03
0.03
0.03
0.07
0.06
0.06
0.04
0.04
0.08
0.08
0.08
0.08
0.08
0.08
0.00
0.00
0.00
0.00
0.00
0.00
0.00
0.08
0.00
0.00
0.00
0.00
0.00
0.00
0.00
0.00
0.00
0.00
0.00
0.00
0.00
0.00
0.00
0.00
0.00
0.00
0.00
0.00
0.00
0.00
0.00
0.00
0.00
0.00
0.00
0.00
0.00
0.00
0.00
0.00
0.00
0.00
0.00
0.00
0.00
0.00
0.00
0.00
0.00
0.00
0.00
0.00
0.00
0.00
0.00
0.00
0.00
0.00
0.00
0.01
0.00
0.00
0.00
0.00
0.00
0.00
0.00
0.00
0.00
0.00
0.00
0.00
0.00
0.00
0.00
0.00
0.00
0.00
0.00
0.00
0.00
0.00
0.00
0.00
0.00
0.00
0.00
0.00
0.00
0.00
0.00
0.00
0.00
0.00
0.00
0.00
0.00
0.00
0.00
0.00
0.00
0.00
0.00
0.00
0.00
0.00
0.00
0.00
0.00
0.00
0.00
0.00
0.00
0.00
0.00
0.00
0.00
0.00
0.00
0.00
0.00
0.00
0.00
0.00
0.00
0.00
0.00
0.00
0.00
0.00
0.00
0.00
0.00
0.00
0.00
0.00
0.00
0.00
0.00
0.00
0.00
0.00
0.00
0.00
0.00
0.00
0.00
0.00
0.00
0.00
0.00
0.00
0.00
0.00
0.00
0.00
0.00
0.00
0.00
0.00
0.00
0.00
0.00
0.00
0.00
0.00
0.00
0.00
0.00
0.00
0.00
0.20
0.20
0.20
0.21
0.00
0.00
0.03
0.04
0.04
0.03
0.03
0.03
0.03
0.03
0.03
0.04
0.22
0.21
0.22
0.21
0.22
0.22
0.22
0.21
0.21
0.21
0.22
0.22
0.00
0.00
0.00
0.00
0.00
0.00
0.00
0.00
0.00
0.00
0.00
0.00
0.00
0.00
0.00
0.00
0.00
0.00
0.00
0.00
0.00
0.00
0.00
0.00
0.00
0.00
0.00
0.00
0.00
0.00
0.00
0.00
0.00
0.00
0.00
0.00
0.00
0.00
0.00
0.00
0.00
0.00
0.00
0.00
0.00
0.00
0.00
0.00
0.00
0.00
0.00
0.00
0.00
0.00
0.00
0.00
0.00
0.00
0.00
0.00
0.00
0.00
0.00
0.00
0.00
0.00
0.00
0.00
0.00
0.00
0.00
0.00
0.00
0.00
0.00
0.00
0.00
0.00
0.00
0.00
0.00
0.00
0.00
0.00
0.00
0.00
0.00
0.00
0.00
0.00
0.00
0.00
0.00
0.00
0.00
0.00
0.00
0.00
0.00
0.00
0.00
0.00
0.00
0.00
0.00
0.00
0.00
0.00
0.00
0.00
0.00
0.00
0.00
0.00
0.00
0.00
0.00
0.00
0.00
0.00
0.00
0.00
0.00
0.00
0.00
0.00
0.00
0.00
0.00
0.00
0.00
0.00
0.00
0.00
0.00
0.00
0.00
0.00
0.00
0.00
0.00
0.00
0.00
0.00
0.00
0.00
0.00
0.00
0.00
0.00
0.00
0.00
0.00
0.00
0.00
0.00
0.00
0.00
0.00
0.00
0.00
0.00
0.00
0.00
0.00
0.00
0.00
0.00
0.00
0.00
0.00
0.00
0.00
0.00
0.00
0.00
0.00
0.00
0.00
0.00
0.00
0.00
0.00
0.00
0.00
0.00
0.00
0.00
0.00
0.00
0.00
0.00
0.00
0.00
0.00
0.00
0.00
0.00
0.00
0.00
0.00
0.00
0.00
0.00
0.00
0.00
0.00
0.00
0.00
0.00
0.00
0.00
0.00
0.00
0.00
0.00
0.00
0.00
0.00
0.00
0.00
0.00
0.00
0.00
0.00
0.00
0.00
0.00
0.00
0.00
0.00
0.00
0.00
0.00
0.00
0.00
0.00
0.00
0.00
0.00
0.00
0.00
0.00
0.00
0.00
0.00
0.00
0.00
0.00
0.00
0.00
0.00
0.00
0.00
0.00
0.00
0.00
0.00
0.00
0.00
0.00
0.00
0.00
0.00
0.00
0.00
0.00
0.00
0.00
0.00
0.00
0.00
0.00
0.00
0.00
0.00
0.00
0.00
0.00
0.00
0.00
0.00
0.00
0.00
0.00
0.00
0.00
0.00
0.00
0.00
0.00
0.00
0.00
0.00
0.00
0.00
0.00
0.00
0.00
0.00
0.00
0.00
0.00
0.00
0.00
0.00
0.00
0.00
0.00
0.00
0.00
0.00
0.00
0.00
0.00
0.00
0.00
0.00
0.00
0.00
0.00
0.00
0.00
0.00
0.00
0.00
0.00
0.00
0.00
0.00
0.00
0.00
0.00
0.00
0.00
0.00
0.00
0.00
0.00
0.00
0.00
0.00
0.00
0.00
0.00
0.00
0.00
0.00
0.00
0.00
0.00
0.00
0.00
0.00
0.00
0.00
0.00
0.00
0.00
0.00
0.00
0.00
0.00
0.00
0.00
0.00
0.00
0.00
0.00
0.00
0.00
0.00
0.00
0.00
0.00
0.00
0.00
0.00
0.00
0.00
0.00
0.00
0.00
0.00
0.00
0.00
0.00
0.00
0.00
0.00
0.00
0.00
0.00
0.00
0.00
0.00
0.00
0.00
0.00
0.00
0.00
0.00
0.00
0.00
0.00
0.00
0.00
0.00
0.00
0.00
0.00
0.00
0.00
0.00
0.00
0.00
0.00
0.00
0.00
0.00
0.00
0.00
0.00
0.00
0.00
0.00
0.00
0.00
0.00
0.00
0.00
0.00
0.00
0.00
0.00
0.00
0.00
0.00
0.00
0.00
0.00
0.00
0.00
0.00
0.00
0.00
0.00
0.00
0.00
0.00
0.00
0.00
0.00
0.00
0.00
0.00
0.00
0.00
0.00
0.00
0.00
0.00
0.00
0.00
0.00
0.00
0.00
0.00
0.00
0.00
0.00
0.00
0.00
0.00
0.00
0.00
0.00
0.00
0.00
0.00
0.00
0.00
0.00
0.00
0.00
0.00
0.00
0.00
0.00
0.00
0.00
0.00
0.00
0.00
0.00
0.00
0.00
0.00
0.00
0.00
0.00
0.00
0.00
0.00
0.00
0.00
0.00
0.00
0.00
0.00
0.00
0.00
0.00
0.00
0.00
0.00
0.00
0.00
0.00
0.00
0.00
0.00
0.00
0.00
0.00
0.00
0.00
0.00
0.00
0.00
0.00
0.00
0.00
0.00
0.00
0.00
0.00
0.00
0.00
0.00
0.00
0.00
0.00
0.00
0.00
0.00
0.00
0.00
0.00
0.00
0.00
0.00
0.00
0.00
0.00
0.00
0.00
0.00
0.00
0.00
0.00
0.00
0.00
0.00
0.00
0.00
0.00
0.00
0.00
0.00
0.00
0.00
0.00
0.00
0.00
0.00
0.00
0.00
0.00
0.00
0.00
0.00
0.00
0.00
0.00
0.00
0.00
0.00
0.00
0.00
0.01
0.07
0.06
0.00
0.00
0.06
0.01
0.00
0.07
0.07
0.07
0.07
0.07
0.07
0.06
0.07
0.06
0.05
0.05
0.00
0.05
0.05
0.01
0.05
0.05
0.05
0.05
0.05
0.05
0.05
0.05
0.05
0.05
0.05
0.05
0.05
0.00
0.00
0.00
0.00
0.00
0.00
0.00
0.02
0.00
0.07
0.07
0.01
0.05
0.07
0.00
0.00
0.00
0.00
0.07
0.07
0.06
0.06
0.07
0.07
0.06
0.00
0.05
0.05
0.20
0.06
0.00
0.06
0.01
0.00
0.03
0.01
0.06
0.06
0.00
0.00
0.00
0.00
0.07
0.07
0.05
0.05
0.05
0.05
0.08
0.08
0.02
0.00
0.00
0.00
0.01
0.01
0.07
0.06
0.00
0.07
0.07
0.05
0.00
0.00
0.00
0.05
0.07
0.07
0.07
0.07
0.07
0.07
0.06
0.06
0.07
0.06
0.01
0.05
0.00
0.05
0.05
0.05
0.07
0.12
0.01
0.01
0.07
0.07
0.00
0.06
0.00
0.02
0.06
0.00
0.00
0.00
0.01
0.00
0.07
0.07
0.07
0.00
0.00
0.00
0.07
0.07
0.06
0.07
0.07
0.08
0.07
0.06
0.07
0.06
0.21
0.13
0.13
0.00
0.00
0.00
0.01
0.01
0.06
0.06
0.06
0.00
0.06
0.06
0.06
0.06
0.07
0.07
0.07
0.07
0.07
0.03
0.07
0.07
0.07
0.07
0.07
0.07
0.06
0.05
0.05
0.07
0.07
0.07
0.01
0.00
0.00
0.00
0.07
0.07
0.07
0.01
0.07
0.08
0.07
0.07
0.07
0.07
0.07
0.07
0.00
0.07
0.07
0.00
0.00
0.00
0.00
0.00
0.00
0.00
0.00
0.00
0.00
0.00
0.00
0.00
0.00
0.00
0.00
0.07
0.00
0.06
0.00
0.00
0.00
0.05
0.00
0.06
0.07
0.07
0.08
0.08
0.07
0.07
0.00
0.00
0.02
0.06
0.07
0.07
0.07
0.01
0.01
0.08
0.08
0.05
0.07
0.00
0.07
0.07
0.07
0.07
0.07
0.08
0.07
0.07
0.06
0.00
0.06
0.00
0.00
0.00
0.00
0.00
0.01
0.00
0.06
0.07
0.08
0.06
0.00
0.06
0.06
0.06
0.00
0.00
0.00
0.24
0.25
0.23
0.16
0.16
0.23
0.23
0.23
0.22
0.01
0.01
0.07
0.07
0.05
0.06
0.01
0.01
0.00
0.01
0.05
0.06
0.00
0.00
0.00
0.00
0.00
0.07
0.00
0.00
0.07
0.07
0.06
0.00
0.00
0.00
0.06
0.05
0.05
0.07
0.05
0.08
0.00
0.08
0.05
0.06
0.05
0.00
0.06
0.06
0.00
0.00
0.06
0.07
0.03
0.06
0.07
0.07
0.07
0.00
0.06
0.06
0.06
0.07
0.00
0.00
0.00
0.00
0.00
0.06
0.06
0.00
0.00
0.00
0.00
0.00
0.06
0.00
0.00
0.06
0.06
0.01
0.07
0.07
0.08
0.07
0.07
0.07
0.07
0.05
0.24
0.00
0.09
0.10
0.10
0.08
0.00
0.09
0.09
0.11
0.09
0.09
0.09
0.09
0.09
0.07
0.06
0.06
0.06
0.07
0.08
0.09
0.06
0.11
0.06
0.06
0.09
0.09
0.10
0.13
0.13
0.11
0.04
0.03
0.08
0.09
0.09
0.08
0.09
0.07
0.09
0.08
0.07
0.09
0.08
0.06
0.12
0.12
0.11
0.12
0.06
0.05
0.09
0.12
0.12
0.11
0.11
0.07
0.11
0.10
0.10
0.11
0.11
0.06
0.11
0.06
0.09
0.09
0.09
0.10
0.10
0.10
0.10
0.10
0.10
0.10
0.09
0.10
0.08
0.09
0.07
0.10
0.10
0.10
0.10
0.09
0.10
0.06
0.14
0.14
0.13
0.14
0.14
0.14
0.13
0.14
0.13
0.13
0.10
0.13
0.12
0.10
0.08
0.10
0.08
0.09
0.11
0.09
0.09
0.09
0.10
0.09
0.09
0.10
0.10
0.07
0.09
0.12
0.08
0.11
0.09
0.11
0.10
0.10
0.09
0.10
0.08
0.05
0.05
0.03
0.06
0.06
0.13
0.02
0.04
0.08
0.08
0.08
0.08
0.09
0.09
0.08
0.09
0.09
0.09
0.09
0.06
0.08
0.06
0.06
0.05
0.05
0.06
0.07
0.07
0.07
0.07
0.10
0.10
0.09
0.09
0.10
0.09
0.04
0.04
0.01
0.06
0.05
0.05
0.09
0.09
0.08
0.09
0.08
0.09
0.02
0.05
0.10
0.06
0.03
0.06
0.06
0.08
0.05
0.02
0.11
0.09
0.10
0.05
0.09
0.09
0.09
0.09
0.09
0.09
0.06
0.10
0.10
0.12
0.12
0.08
0.08
0.09
0.10
0.10
0.10
0.13
0.09
0.09
0.09
0.09
0.04
0.05
0.08
0.13
0.08
0.09
0.09
0.07
0.09
0.09
0.09
0.09
0.09
0.07
0.09
0.07
0.10
0.11
0.11
0.11
0.11
0.08
0.00
0.08
0.06
0.09
0.00
0.06
0.10
0.06
0.10
0.00
0.11
0.10
0.10
0.07
0.07
0.10
0.08
0.07
0.11
0.08
0.10
0.10
0.10
0.07
0.07
0.07
0.08
0.12
0.07
0.11
0.10
0.11
0.11
0.08
0.08
0.09
0.10
0.10
0.07
0.07
0.09
0.07
0.07
0.07
0.07
0.07
0.10
0.10
0.07
0.08
0.10
0.08
0.07
0.07
0.08
0.08
0.06
0.04
0.10
0.09
0.09
0.09
0.07
0.07
0.13
0.06
0.06
0.09
0.09
0.06
0.09
0.08
0.09
0.09
0.10
0.12
0.10
0.10
0.13
0.14
0.14
0.07
0.07
0.13
0.11
0.11
0.07
0.13
0.14
0.07
0.07
0.10
0.10
0.07
0.10
0.07
0.07
0.11
0.13
0.13
0.11
0.11
0.07
0.10
0.07
0.09
0.07
0.10
0.10
0.07
0.10
0.09
0.10
0.09
0.10
0.09
0.05
0.07
0.09
0.07
0.06
0.09
0.10
0.06
0.05
0.07
0.07
0.10
0.11
0.11
0.05
0.10
0.11
0.11
0.09
0.13
0.09
0.08
0.10
0.07
0.09
0.06
0.13
0.09
0.03
0.10
0.10
0.09
0.09
0.07
0.09
0.11
0.12
0.08
0.12
0.12
0.08
0.04
0.04
0.04
0.05
0.11
0.12
0.10
0.10
0.09
0.07
0.06
0.06
0.05
0.08
0.08
0.09
0.08
0.10
0.08
0.11
0.11
0.11
0.09
0.07
0.11
0.08
0.10
0.10
0.11
0.09
0.09
0.07
0.10
0.09
0.09
0.08
0.10
0.10
0.02
0.00
0.00
0.06
0.11
0.07
0.04
0.06
0.06
0.06
0.05
0.04
0.04
0.07
0.06
0.04
0.05
0.04
0.04
0.05
0.05
0.10
0.09
0.09
0.11
0.10
0.09
0.10
0.09
0.07
0.09
0.09
0.09
0.00
0.09
0.07
0.09
0.09
0.09
0.09
0.09
0.09
0.09
0.09
0.09
0.09
0.06
0.06
0.06
0.07
0.10
0.09
0.05
0.05
0.13
0.13
0.09
0.09
0.09
0.09
0.09
0.09
0.09
0.06
0.09
0.09
0.09
0.06
0.06
0.10
0.09
0.09
0.10
0.10
0.11
0.10
0.09
0.09
0.10
0.09
0.09
0.09
0.09
0.09
0.09
0.09
0.09
0.11
0.09
0.10
0.09
0.07
0.09
0.09
0.09
0.08
0.11
0.11
0.05
0.03
0.03
0.11
0.04
0.11
0.04
0.04
0.09
0.12
0.09
0.09
0.09
0.11
0.11
0.09
0.07
0.09
0.10
0.08
0.08
0.08
0.08
0.09
0.10
0.05
0.03
0.03
0.03
0.03
0.03
0.09
0.10
0.12
0.11
0.07
0.07
0.07
0.07
0.06
0.07
0.06
0.06
0.07
0.06
0.07
0.07
0.07
0.07
0.07
0.07
0.07
0.09
0.07
0.06
0.07
0.07
0.08
0.09
0.09
0.02
0.11
0.02
0.00
0.07
0.07
0.07
0.07
0.07
0.07
0.07
0.07
0.07
0.07
0.05
0.09
0.09
0.09
0.04
0.07
0.07
0.02
0.07
0.03
0.06
0.09
0.07
0.07
0.09
0.09
0.01
0.13
0.09
0.09
0.11
0.11
0.11
0.00
0.05
0.01
0.01
0.00
0.03
0.08
0.14
0.09
0.09
0.09
0.01
0.09
0.09
0.09
0.09
0.09
0.06
0.05
0.06
0.05
0.10
0.12
0.12
0.12
0.13
0.09
0.09
0.09
0.09
0.10
0.10
0.09
0.10
0.09
0.05
