0.01	4924
0.01	4768
0.00	4992
0.01	4976
0.02	5044
0.01	5016
0.01	5028
0.01	4976
0.01	4896
0.01	4980
0.01	4696
0.02	4848
0.01	5000
0.02	5008
0.01	4904
0.02	5000
0.02	4916
0.03	4788
0.01	4836
0.02	5072
0.03	4768
0.03	5012
0.02	5044
0.00	4576
0.01	4900
0.02	5056
0.03	5120
0.04	5040
0.03	5052
0.02	5068
0.03	4948
0.02	4984
0.01	5032
0.01	4952
0.02	4716
0.02	4984
0.01	4700
0.01	4972
0.03	4720
0.03	5116
0.02	4704
0.02	4888
0.03	5068
0.01	4932
0.01	4856
0.01	4848
0.02	4992
0.01	4568
0.04	4836
0.04	5068
0.00	4700
0.01	4956
0.02	5076
0.01	5072
0.01	4900
0.01	4892
0.02	5044
0.02	4892
0.01	4928
0.01	5008
0.04	5072
0.02	4948
0.02	4888
0.01	5004
0.02	5060
0.02	4980
0.02	5008
0.01	4872
0.02	4968
0.02	4908
0.03	4748
0.02	5040
0.02	5020
0.02	5040
0.01	4952
0.01	4924
0.02	4812
0.01	5000
0.02	4856
0.01	5000
0.01	4936
0.01	5060
0.01	4804
0.01	5040
0.01	4916
0.05	5124
0.01	5020
0.01	4960
0.01	5072
0.01	4964
0.02	4900
0.01	5012
0.02	4984
0.01	4912
0.02	4996
0.01	4908
0.02	4956
0.02	4740
0.03	5036
0.04	5028
0.00	4616
0.01	4716
0.02	4936
0.01	4856
0.02	4876
0.01	5000
0.02	5044
0.01	4732
0.01	4780
0.03	5036
0.02	4988
0.01	4908
0.01	4988
0.01	4780
0.02	4880
0.01	4832
0.01	4944
0.01	5008
0.01	4612
0.01	4964
0.01	4932
0.01	4920
0.00	4832
0.01	4864
0.01	4936
0.01	4840
0.01	4640
0.01	5020
0.01	5016
0.01	4840
0.01	4648
0.01	4832
0.01	5064
0.01	4864
0.01	4964
0.01	4644
0.01	5008
0.02	4944
0.01	4956
0.02	4960
0.01	4980
0.01	4992
0.02	4896
0.02	4736
0.02	5024
0.04	4948
0.01	4856
0.02	4868
0.01	4660
0.01	5040
0.01	4980
0.02	5080
0.04	4968
0.02	5032
0.01	4796
0.00	4920
0.00	4884
0.01	5016
0.01	4900
0.03	5024
0.01	4992
0.01	4684
0.02	5048
0.01	4984
0.01	4848
0.01	4888
0.01	5024
0.01	4828
0.01	5024
0.03	4864
0.02	4996
0.02	5024
0.01	4876
0.01	4800
0.00	4956
0.01	5016
0.02	4864
0.02	4844
0.01	4956
0.02	4960
0.02	4896
0.03	4988
0.01	4724
0.02	5036
0.02	4672
0.00	4928
0.00	4796
0.05	4928
0.01	4988
0.04	4732
0.02	5060
0.01	4808
0.02	5124
0.02	4992
0.00	4992
0.01	4872
0.01	5056
0.01	4800
0.01	4832
0.02	4704
0.01	4944
0.01	4672
0.01	4804
0.01	4636
0.00	4928
0.00	4872
0.03	5044
0.03	5104
0.01	4960
0.02	4968
0.02	5024
0.01	4884
0.01	5000
0.01	4836
0.01	4820
0.01	5004
0.01	5028
0.03	5072
0.01	5076
0.01	4932
0.02	4984
0.02	4936
0.01	4816
0.01	4976
0.01	4640
0.01	4816
0.02	5020
0.03	5020
0.05	5092
0.01	4992
0.01	4904
0.02	4676
0.01	4996
0.02	5088
0.01	4824
0.01	5060
0.00	5000
0.01	4572
0.02	4828
0.01	4836
0.01	5040
0.02	4848
0.01	5012
0.02	5068
0.01	4756
0.03	5120
0.01	5024
0.01	4876
0.02	5016
0.01	4936
0.01	4988
0.02	5100
0.01	4944
0.02	4748
0.01	5048
0.01	4972
0.03	4976
0.01	4864
0.02	4888
0.01	4988
0.01	4960
0.01	4904
0.03	5032
0.01	4916
0.01	4680
0.01	5064
0.01	4932
0.01	4992
0.01	4944
0.01	4976
0.01	4956
0.01	4984
0.01	4992
0.01	4800
0.02	5036
0.02	5028
0.02	5004
0.02	5064
0.01	4880
0.01	4976
0.01	5048
0.05	4984
0.01	4916
0.01	5004
0.03	4944
0.01	4968
0.03	5028
0.02	4856
0.02	4980
0.02	4980
0.02	4984
0.01	4840
0.02	5080
0.01	4824
0.01	4884
0.02	5016
0.02	5112
0.02	5040
0.03	5116
0.03	5000
0.01	5088
0.01	4680
0.01	4872
0.04	5148
0.02	5076
0.02	5036
0.02	4880
0.03	5068
0.01	4680
0.01	4948
0.01	4820
0.01	5016
0.01	4664
0.02	5032
0.01	4812
0.01	4844
0.01	4792
0.03	5060
0.03	5108
0.01	5068
0.01	4972
0.02	5044
0.02	5052
0.01	4932
0.01	4896
0.02	4680
0.03	4976
0.01	4952
0.01	5040
0.01	4648
0.00	4912
0.03	4984
0.01	4976
0.01	5020
0.02	4928
0.02	5000
0.02	5064
0.00	4572
0.01	4804
0.00	4904
0.01	5016
0.01	4952
0.01	4988
0.01	5004
0.01	4908
0.01	5028
0.00	4936
0.00	4672
0.01	4684
0.00	4836
0.01	4932
0.01	5016
0.01	4972
0.02	4816
0.01	4956
0.02	4940
0.01	5012
0.01	4900
0.01	4884
0.01	4680
0.01	4948
0.01	4908
0.01	4860
0.01	4936
0.01	4960
0.01	4952
0.02	5000
0.01	4996
0.01	4856
0.01	4948
0.02	5024
0.01	4972
0.01	4924
0.01	5012
0.01	4960
0.01	4784
0.02	4828
0.02	4720
0.01	5000
0.01	4924
0.02	4940
0.01	4792
0.02	4940
0.01	5020
0.02	4828
0.01	4932
0.00	4848
0.01	4944
0.01	4928
0.01	4972
0.01	4816
0.00	4964
0.02	4844
0.01	4928
0.03	5028
0.02	4976
0.02	5052
0.01	4900
0.01	4932
0.01	5024
0.02	5076
0.01	4688
0.02	5012
0.01	4700
0.01	5032
0.05	5076
0.01	4872
0.01	4820
0.01	4996
0.01	4976
0.01	4780
0.01	4852
0.01	4816
0.02	5040
0.02	5040
0.01	4880
0.01	5012
0.01	4924
0.01	4876
0.01	4920
0.01	4908
0.01	4956
0.01	4936
0.02	5036
0.01	5020
0.01	4832
0.02	4832
0.02	5048
0.00	4848
0.00	4888
0.01	4648
