4924
4768
4992
4976
5044
5016
5028
4976
4896
4980
4696
4848
5000
5008
4904
5000
4916
4788
4836
5072
4768
5012
5044
4576
4900
5056
5120
5040
5052
5068
4948
4984
5032
4952
4716
4984
4700
4972
4720
5116
4704
4888
5068
4932
4856
4848
4992
4568
4836
5068
4700
4956
5076
5072
4900
4892
5044
4892
4928
5008
5072
4948
4888
5004
5060
4980
5008
4872
4968
4908
4748
5040
5020
5040
4952
4924
4812
5000
4856
5000
4936
5060
4804
5040
4916
5124
5020
4960
5072
4964
4900
5012
4984
4912
4996
4908
4956
4740
5036
5028
4616
4716
4936
4856
4876
5000
5044
4732
4780
5036
4988
4908
4988
4780
4880
4832
4944
5008
4612
4964
4932
4920
4832
4864
4936
4840
4640
5020
5016
4840
4648
4832
5064
4864
4964
4644
5008
4944
4956
4960
4980
4992
4896
4736
5024
4948
4856
4868
4660
5040
4980
5080
4968
5032
4796
4920
4884
5016
4900
5024
4992
4684
5048
4984
4848
4888
5024
4828
5024
4864
4996
5024
4876
4800
4956
5016
4864
4844
4956
4960
4896
4988
4724
5036
4672
4928
4796
4928
4988
4732
5060
4808
5124
4992
4992
4872
5056
4800
4832
4704
4944
4672
4804
4636
4928
4872
5044
5104
4960
4968
5024
4884
5000
4836
4820
5004
5028
5072
5076
4932
4984
4936
4816
4976
4640
4816
5020
5020
5092
4992
4904
4676
4996
5088
4824
5060
5000
4572
4828
4836
5040
4848
5012
5068
4756
5120
5024
4876
5016
4936
4988
5100
4944
4748
5048
4972
4976
4864
4888
4988
4960
4904
5032
4916
4680
5064
4932
4992
4944
4976
4956
4984
4992
4800
5036
5028
5004
5064
4880
4976
5048
4984
4916
5004
4944
4968
5028
4856
4980
4980
4984
4840
5080
4824
4884
5016
5112
5040
5116
5000
5088
4680
4872
5148
5076
5036
4880
5068
4680
4948
4820
5016
4664
5032
4812
4844
4792
5060
5108
5068
4972
5044
5052
4932
4896
4680
4976
4952
5040
4648
4912
4984
4976
5020
4928
5000
5064
4572
4804
4904
5016
4952
4988
5004
4908
5028
4936
4672
4684
4836
4932
5016
4972
4816
4956
4940
5012
4900
4884
4680
4948
4908
4860
4936
4960
4952
5000
4996
4856
4948
5024
4972
4924
5012
4960
4784
4828
4720
5000
4924
4940
4792
4940
5020
4828
4932
4848
4944
4928
4972
4816
4964
4844
4928
5028
4976
5052
4900
4932
5024
5076
4688
5012
4700
5032
5076
4872
4820
4996
4976
4780
4852
4816
5040
5040
4880
5012
4924
4876
4920
4908
4956
4936
5036
5020
4832
4832
5048
4848
4888
4648
6676
5544
5212
5080
4736
5176
5204
4956
4780
5172
5104
5160
4692
5028
5048
5216
5232
5804
5984
5876
5572
5660
5884
5560
5640
5800
5876
5664
5840
5752
5780
5920
5844
6008
5832
5656
5564
5860
5572
6064
5876
6588
5872
5808
5812
5868
5832
5872
5928
5872
5676
5800
5760
5652
5740
5820
5640
5808
5644
5888
5872
6000
5936
5744
5952
5536
5736
5708
5868
5748
5992
5576
5748
6156
5576
5988
5940
5532
5944
5776
5868
5952
6060
5772
5716
5812
5952
5572
5632
6136
5668
5680
6140
5796
5692
5624
5880
5960
5700
6164
5784
5796
5964
6104
6132
5720
5928
5800
5912
5600
5724
5884
5732
5952
5716
5816
5772
5568
5976
5708
5904
6172
5460
5948
5748
5976
5820
5916
5740
5968
5696
6224
5848
5848
5756
5648
6028
5864
5868
5952
5592
5672
5732
5796
5704
5776
6152
5928
5756
5648
5784
5512
6120
5884
5856
5816
5624
5972
5956
6080
5836
5584
5608
5660
5856
5796
5588
6024
5932
5860
5680
5868
5792
5800
5884
5868
5980
5796
6092
5920
5728
5800
5860
6104
5932
5796
5836
5580
5992
5964
5904
5792
6264
6148
6324
5652
5924
5872
5948
5948
5588
5944
5652
5708
6044
6168
5824
6020
5884
5940
5744
5656
5784
6040
5728
5724
5852
5880
5596
5944
6000
5880
5824
6084
5712
5832
6072
5960
5452
6052
5992
6304
5680
5844
5844
5604
5880
5972
6072
5856
5840
6084
5740
5860
5596
5876
5748
5656
5920
5812
5988
5732
5780
5720
5820
5860
5852
5880
5472
5864
5712
5748
5660
5516
5832
5840
5604
5808
5912
5996
5940
6220
5520
5580
6084
5916
5880
5572
5876
5776
5780
5652
5824
6728
5948
6884
6256
5964
6156
6120
6148
6812
6116
6488
6092
6020
5688
6088
5804
6124
5820
6164
6124
6132
6180
6352
5968
5780
5880
6512
5860
6088
6156
6108
6184
5996
6220
5816
6220
6116
6128
6280
6084
6000
5768
6132
5912
6172
6468
6032
6112
6076
6196
5992
6528
6180
6456
6016
6168
6052
6380
5876
5852
5776
6576
5836
6232
6092
6336
6368
6172
6148
6012
6220
6044
6060
6076
6332
6076
6128
6308
6136
6092
6452
5992
6220
6072
6468
6440
6336
6164
6232
6196
6400
6072
5940
6308
6192
6044
6208
6160
5908
6032
5812
5868
5884
6576
6192
6668
6352
5824
5840
6072
5604
5916
6260
5944
6072
6192
5940
5872
5428
6204
6072
6192
5540
5436
5504
5428
5428
5512
5316
5444
5360
5364
5368
5072
5500
5352
5268
5152
5564
5316
5340
5576
5368
5132
5160
5404
5412
5316
5260
5508
5332
5456
5076
5468
5384
5548
5956
5404
5092
5260
5504
5468
6300
5472
5488
5448
5360
6192
5608
7956
7676
7756
8372
8176
7380
7588
8092
8272
8156
7300
7056
7540
7752
7712
7740
7492
7196
7288
7588
7324
7928
7364
8520
7060
8188
7236
7524
8368
7392
8080
8664
7700
7848
7904
7620
7888
7848
7492
7676
7708
7620
7348
7892
7144
7000
8536
8324
7616
8180
7828
7884
7540
7188
7052
7940
8708
7832
9356
10168
9108
8172
5308
5404
5160
5464
6044
5636
5496
5384
5452
5628
5600
5272
5752
5652
9372
5492
9044
7672
4836
4672
4484
4840
4760
4764
4556
4808
4504
4548
4880
4788
4676
4808
4704
4536
4708
4860
4844
4852
4820
4760
5504
5952
5844
5804
5704
5808
6068
6028
6232
5860
6200
6196
7016
5952
5192
5236
5212
5108
4928
5336
5484
4644
4960
4836
4900
5368
4916
4932
5412
5980
5096
4916
4856
4868
5028
5068
5152
5088
5152
5020
5116
4772
4936
4904
5072
4976
4988
5044
4944
5120
5204
4780
4908
5088
4864
4924
4992
5012
5228
5108
5180
5044
5072
4940
4968
4800
4956
5148
5072
4952
4772
4768
4724
4988
4940
4908
5144
5064
5180
5068
4968
4956
4904
4888
5020
4928
4912
4948
5524
4856
5432
5180
5288
5352
5368
5228
4996
4740
4804
4868
4956
4596
4720
4900
5052
5044
5064
5140
4968
5200
5740
5436
5020
5436
5936
5492
5680
7012
5880
5736
6460
5812
5448
5168
4892
5176
4872
5168
5140
5044
4912
5780
6140
6568
6268
6688
5448
5344
5192
5384
5316
7100
5244
5440
5440
5164
5020
5292
5368
5564
5240
5856
6320
6620
5744
5588
6896
5732
6752
5592
5564
6556
5548
5072
5336
6256
6072
6248
7280
6264
5880
5152
5500
5384
5552
5340
5428
5556
5456
5788
5192
5448
5432
5356
5556
5768
5584
5492
6884
5424
5404
5240
5288
6060
5612
6044
5640
6108
5408
5844
5844
5100
6048
5288
5284
5896
5164
5928
5268
5384
6740
5728
5192
6316
6096
5864
5460
5080
4996
4996
5168
5872
6004
5828
5684
5580
5640
5796
5808
6604
6232
5972
5888
5892
5772
6392
5648
6052
6404
5568
5700
6204
5796
5440
5668
6008
6184
6008
6076
6120
6040
5712
5408
6124
6092
6300
6000
6192
5880
5324
6248
6200
5752
5768
6308
5588
6260
6540
6080
5564
6036
5528
5612
5684
5896
5692
5648
5540
6056
5588
6536
5672
5872
6172
5464
5752
5960
5752
5860
5692
5720
6416
5828
6196
5556
5912
5744
5536
5660
5704
5564
5316
5404
5840
5464
5652
5740
5468
5288
5528
5452
5436
5708
5564
5700
6024
6088
5664
5716
5748
6036
5920
5976
5840
6308
5604
5868
5580
5692
6160
6320
6228
6392
6020
5832
6252
5488
6172
5904
5992
5596
6040
5884
5892
5948
6116
6288
5580
5624
5732
5328
5632
5644
8120
4832
4796
4876
4608
4828
4864
4500
4880
4548
4916
4792
4876
4764
4720
4552
4868
4684
4760
4680
4844
4576
4760
4704
4860
4544
4912
4844
4820
4732
4764
4804
4784
4836
4540
4668
4856
4724
4820
4912
4880
4880
4684
4692
4932
4808
4872
4792
4664
4876
4804
4536
4836
4772
4920
4816
4500
4816
4828
4608
4652
4792
4612
4768
4760
4872
4908
4836
4764
4824
4800
4808
4568
4784
4832
4840
4756
4872
4540
4524
4828
4860
4880
4552
4804
4532
4856
4536
4752
4684
4680
4752
4848
4548
4836
4644
4844
4840
4808
4744
4764
4548
4880
4668
4828
4760
4808
4816
4904
4880
4816
4748
4628
4700
4828
4724
4724
4764
4660
4708
4596
4740
4428
4772
4736
4852
4708
4600
4720
4768
7956
4760
4596
4620
4692
4588
4576
4572
4800
4552
4596
4688
4540
4616
4820
4800
4704
4460
4648
4432
4760
4752
4740
4572
4716
4740
4720
4600
4600
4676
4628
4776
4452
4452
4752
4564
4740
4736
4448
4408
4744
4664
4604
4660
4748
4776
4808
4668
4712
4420
4548
4772
4772
4640
4732
4788
4712
4432
4440
4612
4752
4580
4616
4700
4688
4744
4852
4740
4584
4648
4744
4644
4772
4440
4776
4612
4468
4776
4780
7552
4832
4836
4568
4452
4692
4756
4780
4400
4632
4580
4784
4744
4796
4448
4452
4648
4740
4680
4700
4808
4708
4844
4572
4736
4580
4776
4844
4708
4772
4788
4776
4824
4752
4844
4600
4664
4792
4640
4788
4628
4836
4828
4768
4684
4872
4584
4688
4680
4816
4680
4564
4432
4412
4752
4700
4792
5636
4584
4604
4704
4804
4700
4584
5868
4836
8196
5836
4608
4832
4752
4436
4608
4872
4756
4692
4880
4788
4732
4768
7608
4784
4688
7264
6140
4824
4780
4684
4840
4432
4768
6028
4848
4748
4848
4864
4588
4748
4760
4816
4716
4576
4836
4700
4800
4440
4852
4784
6248
5988
4748
4448
4448
4696
4608
4732
4360
4832
4420
4812
4676
4700
4844
4740
4772
4808
4848
4736
4772
4696
4764
4748
4664
4568
4796
4820
4432
4856
4592
4764
4792
4776
4756
4780
4612
7512
4780
4856
4796
4728
4568
4748
4624
4656
4772
4764
4856
4808
4660
4732
4788
4812
4764
4568
4420
4684
4672
4788
4596
4860
4776
4444
4704
4784
4740
4620
4860
4708
4476
4752
4620
4436
4648
4436
4732
4856
6012
4736
4740
4776
4860
4824
4760
4628
4460
4444
4392
4776
4684
4688
4692
4728
4864
4696
4752
4844
4804
7476
4572
4724
4660
4752
4864
4852
4756
4748
4728
4592
4804
4728
4420
4696
4448
4836
4684
4856
4752
4452
4576
4568
4752
4448
4436
4468
4752
4836
4456
4600
4860
4760
4452
4748
4464
4420
4568
4392
4780
4444
4788
4688
4564
4724
4840
4760
4752
4708
4680
4668
4608
4692
4788
4472
4856
4756
4636
4892
4748
4536
4736
4460
4760
4716
4752
4756
4672
4568
4692
4684
4564
4468
4792
4772
4772
4672
4592
4708
4724
4696
4556
4732
4816
4804
4900
4808
4748
4716
4384
4720
4784
4868
4524
4880
4744
4760
4740
4848
4680
5088
4880
4772
4996
4856
5112
4904
4952
4736
4976
4920
4928
4888
4912
4740
4892
4808
4568
4824
4860
4896
4996
4560
4892
4956
4964
4920
4908
4964
4680
4992
5024
5012
5024
5032
4712
4504
4776
4480
4676
4756
4648
5020
4740
4688
4892
4752
4760
4696
4432
4756
4580
4716
4892
4728
4812
4764
4752
4688
4840
4716
4588
4736
4808
4736
4860
4748
4456
4740
4692
4664
4552
4732
4748
4772
4816
4680
4748
4760
4552
4748
4808
4624
4776
4616
4424
4744
4752
4652
4824
4540
4700
4836
4728
4872
4748
4800
4916
4860
4636
4884
4536
4508
4876
4900
4600
4764
4852
4688
4696
4784
4648
4564
4832
4756
4812
4520
4748
4524
4744
4628
4636
4432
4632
4724
4584
4428
4436
4420
4652
4440
4720
4808
4756
4744
4728
4772
4768
4728
4756
4752
4788
4800
4740
4624
4716
4620
4740
4736
4748
4720
4756
4596
4616
4624
4604
4608
4760
4768
4408
4780
4600
4724
4432
4748
4588
4688
4412
4640
4772
4648
4672
4780
4676
4832
4408
4856
4836
4720
4688
4732
4800
4644
4884
4840
4500
4624
4548
4756
4776
4772
4488
4852
4868
4876
4712
4492
4872
4820
4812
4796
4768
4612
4584
4640
4760
5064
4996
5112
5008
4784
4764
4920
4868
5016
4592
4916
4732
4892
4784
4804
4984
5144
5160
5212
5172
5048
5128
5172
5192
5132
5220
4888
4896
4596
4736
4632
4428
4416
4864
4660
4580
4764
4660
4848
4768
4744
4460
4756
4788
4420
4836
4752
4868
4804
4908
4752
4760
4864
4748
4704
4736
4824
4792
4876
4468
4728
4604
4684
4576
4852
4876
4756
4624
4664
4608
4764
4736
4456
4620
4856
4620
4776
4520
4792
4844
4800
4852
4856
4788
4776
4796
4480
4516
4708
4688
4700
4856
4780
4804
4468
4860
4848
4732
4768
4724
4800
4756
4636
4464
4440
4724
4720
4676
4580
4568
4800
4628
4780
4788
4808
4876
4776
4848
4712
4732
4896
4740
4464
4748
4864
4856
4776
4732
4624
4488
4672
4624
4780
4780
4728
4476
4824
4792
4776
4796
4716
4852
4712
4424
4796
4812
4828
4788
4776
4608
4848
4804
4704
4628
4612
4744
4612
4784
4848
4776
4720
4800
4848
4700
4636
4640
4840
4784
4860
4792
4580
4744
4704
4800
4480
4596
4804
4724
4732
4436
4740
4432
4628
4592
4604
4860
4668
4848
4772
4524
4736
4860
4740
4804
4844
4724
4828
4664
4576
4776
4616
4452
4444
4780
4428
4704
4760
4800
4656
4712
4592
4592
4460
4584
4584
4752
4464
4600
4744
4504
4868
4816
4760
4768
4784
4724
4636
4764
4744
4736
4636
4880
4508
4692
4472
4844
4644
4664
4844
4776
4772
4816
4872
4644
4464
4668
4704
4436
4904
4648
4836
4720
4708
4812
4636
4816
4756
4772
4736
4836
4700
4744
4812
4608
4804
4472
4596
4868
4708
4624
4880
4440
4744
4732
4768
4748
4736
4752
4768
4440
4696
4820
4736
4864
4772
4736
4684
4452
4808
4776
4736
4752
4776
4676
4820
4736
4884
4756
4864
4728
4752
4872
4756
4836
4764
4600
4472
4732
4600
4560
4784
4696
4764
4784
4632
4756
4656
4740
4436
4440
4712
4660
4768
4684
4780
4780
4820
4588
4764
4628
4776
4768
4696
4796
4812
4792
4716
4464
4752
4860
4800
4572
4856
4684
4784
4772
4388
4628
4652
4772
4636
4784
4852
4708
4808
4784
4644
4784
4544
4792
4780
4740
4628
4596
4856
4452
4792
4756
4784
4472
4784
4760
4584
4748
4472
4772
4648
4788
4768
4772
4748
4844
4460
4404
4428
4840
4856
4780
4800
4624
4884
4780
4852
4764
4772
4844
4448
4760
4776
4580
4460
4736
4764
4464
4776
4648
4684
4464
4784
4776
4436
4500
4724
4848
4812
4724
4712
4592
4628
4788
4720
4816
4428
4596
4776
4876
4728
4796
4724
4412
4852
4780
4624
4760
4860
4740
4708
4708
4756
4480
4820
4676
4732
4600
4780
4664
4844
4756
4632
4768
4696
4656
4824
4640
4412
4444
4804
4868
4752
4644
4756
4784
4596
4440
4756
4816
4648
4716
4756
4780
4756
4840
4804
4860
4800
4764
4820
4736
4848
4796
4756
4860
4684
4640
4748
4784
4852
4540
4612
4784
4764
4420
4560
4616
4772
4788
4764
4616
4800
4492
4472
4708
4748
4560
4824
4812
4712
4440
4816
4448
4764
4808
4716
4680
4772
4656
4656
4760
4736
4836
4872
4452
4868
4852
4840
4824
4868
4772
4772
4780
4620
4800
4852
4692
4624
4664
4592
4680
4848
4480
4804
4700
4760
4860
4740
4844
4596
4688
4756
4568
4700
4576
4748
4880
4604
4464
4640
4572
4720
4488
4708
4604
4752
4828
4484
4616
4692
4868
4852
4816
4860
4796
4736
4732
4772
4700
4496
4732
4740
4836
4752
4692
4752
4692
4500
4884
4756
4472
4832
4828
4476
4676
4604
4720
4452
4760
4708
4736
4812
4604
4572
4876
4660
4468
4860
4844
4860
4676
4756
4768
4696
4684
4640
4860
4616
4696
4528
4472
4812
5048
4724
4808
4796
5040
4568
4428
5000
4948
4904
4928
4648
4644
4996
4856
4988
4960
4992
4796
4828
4992
4908
4992
4912
4972
4636
4952
4916
4900
4992
4884
4908
4924
4912
4732
4784
4840
4660
4676
4516
4484
4768
4784
4600
4680
4964
4520
4980
4984
4484
4796
4856
4864
4988
5008
5048
4680
4844
5056
4948
4768
4780
4964
5232
5044
4900
4944
4828
4704
4924
4568
4824
4800
4720
4756
4788
4812
4864
4968
4868
4808
4820
4820
5000
5088
4740
4844
4872
4812
4520
4872
4884
4888
4620
4840
4608
4752
4824
4896
4708
4648
4884
4932
4980
4804
4844
4980
4948
4912
4804
5000
4756
4844
4768
4952
4912
4876
5052
4748
4904
4848
4944
4620
4652
4852
4556
4696
4952
4828
4872
4800
4772
4904
4924
4972
5008
4528
4820
4772
4924
4968
5020
5032
5024
4992
4952
4628
4940
4892
5256
4980
5120
4784
4880
4684
4684
4856
5016
4940
4872
4828
4932
4912
4860
4796
4812
5028
4620
4912
4880
4864
4948
5012
4928
4936
5032
4980
5032
4884
4932
5000
4824
4884
4696
4792
4788
4860
5020
4988
5012
4868
4828
5092
5036
4892
5056
5052
5028
4916
4752
5064
4900
4736
4808
4640
4852
4828
4856
4804
4428
4608
4528
4764
4464
4816
4708
4684
4648
5000
4748
5012
4836
4816
4796
5000
4716
4788
4992
4860
4656
5020
4788
4996
4732
4676
4676
4940
4900
5008
4888
4872
4696
5004
4972
4900
4900
4900
5064
4920
4764
4856
4780
4668
4984
4952
4784
4912
4940
4748
4764
4592
4780
4836
4836
4864
4912
4932
4872
4832
4876
5064
4996
4912
4880
4844
4860
5220
5152
5204
5016
5016
4960
5108
5128
5144
4880
4552
4824
4872
4800
4844
4808
4688
4456
4808
4780
4892
4704
4716
4652
4452
4604
4668
4672
4748
4892
4848
4944
4732
4748
4808
4812
4868
5032
4940
4968
5048
4524
4844
4992
4948
4884
4912
4824
4908
4652
4772
5020
4952
4884
4628
4616
4928
4988
4788
4800
4952
4988
5016
4600
4896
4848
4784
4752
5084
4968
4848
4448
4528
4868
4664
4900
4524
4812
4880
4756
4480
5012
4640
4900
4968
4776
4904
4984
5000
5136
4832
5072
4748
4916
5016
4712
4936
4924
5080
5044
4876
4688
4940
4704
4908
4956
5020
4924
4928
5032
4892
4916
5020
5016
4976
4916
5108
5008
5044
5016
5076
4964
4736
5008
4720
4984
4920
4680
4856
5108
4976
5000
4664
4976
5048
5104
5148
4984
5056
4812
5036
4884
4932
5084
5024
4912
4888
5032
4756
4976
5040
5076
4900
4864
4956
4704
5024
4924
4872
4960
4904
5012
5000
4688
5060
4996
4672
4940
5040
5048
4880
5024
4796
4912
4900
4720
4968
4924
4716
5052
5112
5084
5052
5044
5024
4988
4876
4992
5020
5076
5000
4840
5000
4944
4956
4936
4884
4700
4836
5052
4976
4888
4824
5064
4904
5008
4808
4952
4756
5032
4868
5084
4948
5072
5020
4828
4956
4992
4904
4956
4960
4980
4928
4596
5020
4836
4988
5048
5020
4920
5048
5048
4940
4936
5032
4988
4704
4936
5024
4976
4952
4812
4972
4932
4920
4920
4968
5068
4868
5040
5064
4888
4784
4648
4904
4764
4960
4876
4952
5000
4656
4840
4984
4828
4924
4960
4960
4940
4812
4844
4984
4816
4972
4864
4880
5008
5032
4816
5076
4888
4700
4896
4992
4840
4944
4960
4948
5060
5004
4704
4972
5012
5040
4964
4976
5076
5028
4972
4840
4892
4912
4976
4704
5144
4984
4968
5080
4988
5012
4984
5080
5064
4964
5004
5004
5016
5068
5016
4864
4928
4920
4996
4672
4992
4704
4968
4720
4912
5056
5012
4956
4692
5016
4972
4852
4924
4840
5124
4964
4980
4744
4984
5044
4972
5024
4828
5084
4672
4832
5016
4984
5088
5060
4880
5108
5032
4900
5052
5136
5020
4988
5008
4688
4964
5044
5000
4860
4916
5120
4856
4784
4800
4868
4880
4844
4932
5028
5056
4644
4632
4992
4944
5012
5044
4932
4872
5096
4864
4872
5064
4956
4704
4880
4876
5052
4864
5100
5020
4976
4852
5164
4972
4836
4640
4980
5064
4844
5072
4996
5032
5092
4904
4832
5068
5000
4804
4708
4848
5016
4772
5124
5004
4984
4968
5024
5008
5032
5004
5020
5052
4880
4700
4856
5060
4716
4940
4932
4900
4844
4852
4732
5052
4864
4884
4896
4976
4904
5012
4988
4992
4984
5068
4992
5052
5000
4920
5092
4960
4804
4976
5160
4932
4856
4964
4892
4972
4584
4832
4992
4840
4960
5072
4840
4964
5016
4680
5044
4708
4924
4632
4964
4812
4844
4860
5024
4868
4968
5076
4956
4904
4992
4964
5004
4896
4716
4808
4864
5060
5016
4880
5116
4876
4996
4952
4788
5012
4680
4748
4708
5072
4924
5072
4984
5108
4984
4952
5032
4824
4800
4852
4864
4724
4868
4632
5020
5012
4916
4988
4976
4776
4684
5004
4920
4952
4748
4940
4800
4792
5072
4920
5024
5016
5088
4876
5048
4972
4852
5008
4984
5040
4864
5076
4668
5024
5008
5036
4924
4644
4972
4940
4892
5028
4904
5016
4980
5012
4944
5012
5048
4988
4884
4996
4696
5004
5012
4780
4852
5120
4836
5060
5000
4652
4936
5048
4664
4916
4952
5008
5008
4976
5104
5080
4852
4700
5056
4788
4728
4764
4976
5084
5048
4936
4980
5148
4828
4976
5012
5040
4956
4684
4884
4732
5012
4936
5016
4876
4964
4776
4744
4632
4656
4964
4664
4920
4908
4664
4904
5028
4980
4916
4756
4768
4968
5024
4804
4840
4672
4740
5044
5024
4940
4892
4816
4788
4788
4744
5008
4948
5024
5100
4812
4648
4984
4960
5016
4660
5016
4672
4948
4888
4824
4988
4952
4876
4836
4956
4940
5048
5044
5000
4928
4976
5008
5008
4820
4956
5020
4752
4776
4700
4888
4980
4980
4928
4944
4680
4952
4860
4928
4832
5008
5036
4920
4644
4976
4896
4816
4668
4608
4872
4784
4836
5016
5012
4912
4872
5000
4972
4988
5008
4896
4912
4884
4868
4824
4800
4472
4908
5096
5104
4788
4912
4828
4772
5008
4732
4828
4728
5000
4844
4960
4652
4708
5048
5108
5088
5124
5036
5024
4976
4992
4996
5004
5016
4920
5000
5036
4972
