0.01
0.01
0.00
0.01
0.02
0.01
0.01
0.01
0.01
0.01
0.01
0.02
0.01
0.02
0.01
0.02
0.02
0.03
0.01
0.02
0.03
0.03
0.02
0.00
0.01
0.02
0.03
0.04
0.03
0.02
0.03
0.02
0.01
0.01
0.02
0.02
0.01
0.01
0.03
0.03
0.02
0.02
0.03
0.01
0.01
0.01
0.02
0.01
0.04
0.04
0.00
0.01
0.02
0.01
0.01
0.01
0.02
0.02
0.01
0.01
0.04
0.02
0.02
0.01
0.02
0.02
0.02
0.01
0.02
0.02
0.03
0.02
0.02
0.02
0.01
0.01
0.02
0.01
0.02
0.01
0.01
0.01
0.01
0.01
0.01
0.05
0.01
0.01
0.01
0.01
0.02
0.01
0.02
0.01
0.02
0.01
0.02
0.02
0.03
0.04
0.00
0.01
0.02
0.01
0.02
0.01
0.02
0.01
0.01
0.03
0.02
0.01
0.01
0.01
0.02
0.01
0.01
0.01
0.01
0.01
0.01
0.01
0.00
0.01
0.01
0.01
0.01
0.01
0.01
0.01
0.01
0.01
0.01
0.01
0.01
0.01
0.01
0.02
0.01
0.02
0.01
0.01
0.02
0.02
0.02
0.04
0.01
0.02
0.01
0.01
0.01
0.02
0.04
0.02
0.01
0.00
0.00
0.01
0.01
0.03
0.01
0.01
0.02
0.01
0.01
0.01
0.01
0.01
0.01
0.03
0.02
0.02
0.01
0.01
0.00
0.01
0.02
0.02
0.01
0.02
0.02
0.03
0.01
0.02
0.02
0.00
0.00
0.05
0.01
0.04
0.02
0.01
0.02
0.02
0.00
0.01
0.01
0.01
0.01
0.02
0.01
0.01
0.01
0.01
0.00
0.00
0.03
0.03
0.01
0.02
0.02
0.01
0.01
0.01
0.01
0.01
0.01
0.03
0.01
0.01
0.02
0.02
0.01
0.01
0.01
0.01
0.02
0.03
0.05
0.01
0.01
0.02
0.01
0.02
0.01
0.01
0.00
0.01
0.02
0.01
0.01
0.02
0.01
0.02
0.01
0.03
0.01
0.01
0.02
0.01
0.01
0.02
0.01
0.02
0.01
0.01
0.03
0.01
0.02
0.01
0.01
0.01
0.03
0.01
0.01
0.01
0.01
0.01
0.01
0.01
0.01
0.01
0.01
0.01
0.02
0.02
0.02
0.02
0.01
0.01
0.01
0.05
0.01
0.01
0.03
0.01
0.03
0.02
0.02
0.02
0.02
0.01
0.02
0.01
0.01
0.02
0.02
0.02
0.03
0.03
0.01
0.01
0.01
0.04
0.02
0.02
0.02
0.03
0.01
0.01
0.01
0.01
0.01
0.02
0.01
0.01
0.01
0.03
0.03
0.01
0.01
0.02
0.02
0.01
0.01
0.02
0.03
0.01
0.01
0.01
0.00
0.03
0.01
0.01
0.02
0.02
0.02
0.00
0.01
0.00
0.01
0.01
0.01
0.01
0.01
0.01
0.00
0.00
0.01
0.00
0.01
0.01
0.01
0.02
0.01
0.02
0.01
0.01
0.01
0.01
0.01
0.01
0.01
0.01
0.01
0.01
0.02
0.01
0.01
0.01
0.02
0.01
0.01
0.01
0.01
0.01
0.02
0.02
0.01
0.01
0.02
0.01
0.02
0.01
0.02
0.01
0.00
0.01
0.01
0.01
0.01
0.00
0.02
0.01
0.03
0.02
0.02
0.01
0.01
0.01
0.02
0.01
0.02
0.01
0.01
0.05
0.01
0.01
0.01
0.01
0.01
0.01
0.01
0.02
0.02
0.01
0.01
0.01
0.01
0.01
0.01
0.01
0.01
0.02
0.01
0.01
0.02
0.02
0.00
0.00
0.01
1.78
0.23
0.05
0.03
0.02
0.04
0.05
0.02
0.05
0.06
0.04
0.03
0.02
0.03
0.02
0.06
0.04
0.54
0.46
0.50
0.42
0.43
0.42
0.42
0.37
0.54
0.54
0.34
0.43
0.41
0.36
0.48
0.54
0.49
0.42
0.34
0.39
0.43
0.32
0.59
0.40
1.03
0.47
0.38
0.67
0.57
0.38
0.48
0.56
0.49
0.37
0.60
0.39
0.40
0.38
0.39
0.44
0.40
0.31
0.50
0.54
0.72
0.72
0.81
0.49
0.47
0.42
0.37
0.51
0.59
0.46
0.49
0.38
0.67
0.41
0.49
0.62
0.49
0.51
0.56
0.46
0.59
0.81
0.36
0.46
0.47
0.58
0.47
0.45
0.68
0.52
0.34
0.77
0.42
0.38
0.37
0.64
0.59
0.44
0.76
0.41
0.45
0.49
0.76
0.76
0.40
0.52
0.42
0.53
0.34
0.49
0.50
0.50
0.49
0.45
0.37
0.47
0.41
0.60
0.34
0.48
0.72
0.39
0.52
0.49
0.55
0.47
0.59
0.41
0.57
0.38
0.81
0.46
0.57
0.42
0.39
0.57
0.52
0.81
0.55
0.40
0.39
0.37
0.55
0.61
0.60
0.74
0.43
0.48
0.43
0.42
0.39
0.72
0.52
0.54
0.49
0.47
0.50
0.54
0.54
0.41
0.38
0.56
0.42
0.49
0.37
0.33
0.80
0.46
0.65
0.46
0.48
0.45
0.48
0.49
0.51
0.48
0.47
0.68
0.51
0.42
0.40
0.50
0.70
0.54
0.43
0.43
0.41
0.70
0.49
0.51
0.41
0.72
0.63
0.74
0.36
0.58
0.43
0.48
0.59
0.46
0.48
0.48
0.44
0.56
0.61
0.51
0.71
0.51
0.46
0.46
0.55
0.40
0.54
0.34
0.37
0.50
0.40
0.39
0.59
0.63
0.53
0.53
0.66
0.39
0.41
0.48
0.54
0.31
0.69
0.54
0.80
0.42
0.66
0.39
0.55
0.51
0.49
0.54
0.46
0.36
0.55
0.43
0.57
0.40
0.54
0.42
0.51
0.52
0.53
0.51
0.40
0.49
0.42
0.42
0.40
0.37
0.39
0.39
0.65
0.37
0.49
0.38
0.36
0.49
0.37
0.54
0.48
0.61
0.52
0.45
0.79
0.60
0.50
0.62
0.51
0.54
0.72
0.74
0.42
0.41
0.39
0.56
1.55
0.84
1.63
0.70
0.55
0.75
0.74
0.68
1.44
0.95
1.35
0.78
0.72
0.52
0.92
0.60
0.81
0.48
1.04
0.68
0.78
0.93
1.06
0.70
0.47
0.78
1.24
0.49
0.78
0.84
0.73
0.85
0.61
0.86
0.55
0.75
0.88
0.68
0.91
0.78
0.64
0.61
0.68
0.60
0.54
0.88
0.58
0.85
0.79
0.72
0.61
1.09
0.97
0.92
0.67
0.76
0.78
0.91
0.75
0.43
0.58
1.10
0.73
0.84
0.90
0.88
0.87
0.91
0.75
0.61
0.77
0.63
0.67
0.72
1.03
0.68
0.77
0.90
0.77
0.95
1.24
0.58
0.97
0.73
1.53
1.33
0.99
0.74
0.85
0.82
0.81
0.58
0.62
1.00
1.00
0.83
0.93
0.84
0.57
0.73
0.64
0.67
0.57
1.20
0.76
1.27
0.93
0.53
0.56
0.90
0.29
0.77
0.96
0.65
0.69
0.72
0.63
0.51
0.46
0.72
0.61
0.71
0.26
0.17
0.22
0.23
0.19
0.20
0.11
0.29
0.20
0.18
0.16
0.11
0.17
0.15
0.15
0.21
0.22
0.15
0.15
0.36
0.18
0.17
0.17
0.22
0.15
0.16
0.16
0.17
0.13
0.16
0.15
0.22
0.19
0.18
0.68
0.19
0.20
0.14
0.20
0.19
1.16
0.16
0.21
0.13
0.14
0.71
0.46
2.31
1.94
2.04
2.55
2.49
1.68
2.00
2.60
2.92
2.98
1.63
1.59
1.78
1.83
2.09
2.29
1.98
1.52
1.66
1.84
1.79
2.33
1.96
2.52
1.31
2.56
1.66
2.08
2.85
2.15
2.55
3.21
2.30
2.26
2.24
2.17
2.15
2.25
2.10
1.80
1.89
1.91
1.66
2.15
1.90
1.66
2.65
3.02
2.07
2.08
2.18
1.76
2.05
1.90
1.99
1.98
2.88
1.59
3.57
6.56
4.51
2.51
0.24
0.24
0.26
0.26
0.78
0.37
0.35
0.25
0.43
0.32
0.33
0.28
0.42
0.39
5.59
0.46
3.69
2.07
0.00
0.00
0.00
0.00
0.00
0.00
0.00
0.00
0.00
0.00
0.00
0.00
0.00
0.00
0.00
0.00
0.00
0.00
0.00
0.00
0.00
0.00
0.27
0.43
0.45
0.46
0.39
0.41
0.71
0.41
0.87
0.40
0.78
0.88
1.66
0.82
0.07
0.12
0.08
0.18
0.05
0.24
0.15
0.01
0.01
0.00
0.01
0.11
0.01
0.03
0.15
0.83
0.17
0.02
0.08
0.05
0.04
0.06
0.05
0.03
0.04
0.01
0.04
0.02
0.02
0.02
0.02
0.04
0.07
0.10
0.04
0.05
0.06
0.01
0.01
0.04
0.02
0.01
0.01
0.01
0.05
0.06
0.04
0.03
0.10
0.03
0.03
0.03
0.02
0.02
0.02
0.01
0.01
0.00
0.00
0.00
0.01
0.00
0.03
0.02
0.07
0.03
0.02
0.01
0.03
0.03
0.02
0.01
0.02
0.05
0.21
0.02
0.17
0.04
0.12
0.15
0.24
0.09
0.03
0.01
0.00
0.01
0.00
0.01
0.02
0.03
0.03
0.05
0.03
0.03
0.04
0.05
0.54
0.15
0.01
0.25
0.68
0.26
0.43
2.35
0.83
0.76
1.22
0.59
0.31
0.07
0.02
0.06
0.08
0.10
0.11
0.08
0.01
0.53
1.05
1.31
0.76
1.51
0.18
0.13
0.07
0.17
0.15
2.28
0.07
0.24
0.24
0.11
0.11
0.10
0.16
0.25
0.10
0.67
1.29
1.87
0.49
0.26
1.53
0.42
1.57
0.34
0.26
1.28
0.18
0.08
0.32
0.93
0.73
0.87
1.79
0.75
0.58
0.15
0.15
0.17
0.31
0.16
0.18
0.20
0.18
0.57
0.16
0.16
0.12
0.13
0.25
0.87
0.57
0.15
1.39
0.16
0.17
0.13
0.19
0.68
0.39
0.67
0.66
0.76
0.12
0.56
0.59
0.23
0.74
0.15
0.23
0.78
0.16
0.61
0.14
0.22
1.17
0.81
0.17
0.81
1.08
0.83
0.18
0.04
0.04
0.06
0.06
0.47
0.60
0.41
0.55
0.35
0.30
0.45
0.38
1.38
0.77
0.74
0.45
0.65
0.36
0.99
0.28
0.54
1.11
0.37
0.42
0.74
0.42
0.37
0.44
0.62
0.78
0.69
0.82
0.77
0.60
0.65
0.38
0.94
0.59
1.09
0.58
0.78
0.58
0.38
0.79
0.84
0.66
0.59
1.35
0.29
1.02
1.40
0.74
0.27
0.74
0.43
0.40
0.34
0.80
0.39
0.38
0.30
0.81
0.31
1.30
0.35
0.63
0.71
0.48
0.29
0.74
0.34
0.49
0.49
0.38
1.32
0.57
0.86
0.27
0.74
0.38
0.28
0.36
0.43
0.30
0.32
0.43
0.59
0.32
0.49
0.39
0.23
0.30
0.28
0.31
0.23
0.43
0.27
0.40
0.67
0.71
0.39
0.49
0.36
0.72
0.48
0.59
0.78
0.72
0.29
0.35
0.35
0.31
0.80
1.19
0.83
1.03
0.63
0.60
0.81
0.30
0.72
0.67
0.99
0.34
0.66
0.50
0.56
0.49
0.76
1.23
0.46
0.39
0.34
0.32
0.52
0.41
2.53
0.00
0.00
0.00
0.00
0.00
0.00
0.00
0.00
0.00
0.00
0.00
0.00
0.00
0.00
0.00
0.00
0.00
0.00
0.00
0.00
0.00
0.00
0.00
0.00
0.00
0.00
0.00
0.00
0.00
0.00
0.00
0.00
0.00
0.00
0.00
0.00
0.00
0.00
0.00
0.00
0.00
0.00
0.00
0.00
0.00
0.00
0.00
0.00
0.00
0.00
0.00
0.00
0.00
0.00
0.00
0.00
0.00
0.00
0.00
0.00
0.00
0.00
0.00
0.00
0.00
0.00
0.00
0.00
0.00
0.00
0.00
0.00
0.00
0.00
0.00
0.00
0.00
0.00
0.00
0.00
0.00
0.00
0.00
0.00
0.00
0.00
0.00
0.00
0.00
0.00
0.00
0.00
0.00
0.00
0.00
0.00
0.00
0.00
0.00
0.00
0.00
0.00
0.00
0.00
0.00
0.00
0.00
0.00
0.00
0.00
0.00
0.00
0.00
0.00
0.00
0.00
0.00
0.00
0.00
0.00
0.00
0.00
0.00
0.00
0.00
0.00
0.00
0.00
0.00
2.41
0.00
0.00
0.00
0.00
0.00
0.00
0.00
0.00
0.00
0.00
0.00
0.00
0.00
0.00
0.00
0.00
0.00
0.00
0.00
0.00
0.00
0.00
0.00
0.00
0.00
0.00
0.00
0.00
0.00
0.00
0.00
0.00
0.00
0.00
0.00
0.00
0.00
0.00
0.00
0.00
0.00
0.00
0.00
0.00
0.00
0.00
0.00
0.00
0.00
0.00
0.00
0.00
0.00
0.00
0.00
0.00
0.00
0.00
0.00
0.00
0.00
0.00
0.00
0.00
0.00
0.00
0.00
0.00
0.00
0.00
0.00
0.00
0.00
0.00
0.00
0.00
0.00
0.00
1.94
0.00
0.00
0.00
0.00
0.00
0.00
0.00
0.00
0.00
0.00
0.00
0.00
0.00
0.00
0.00
0.00
0.00
0.00
0.00
0.00
0.00
0.00
0.00
0.00
0.00
0.00
0.00
0.00
0.00
0.00
0.00
0.00
0.00
0.00
0.00
0.00
0.00
0.00
0.00
0.00
0.00
0.00
0.00
0.00
0.00
0.00
0.00
0.00
0.00
0.00
0.00
0.00
0.00
0.00
0.00
0.00
0.19
0.00
0.00
0.00
0.00
0.00
0.00
0.41
0.00
2.43
0.49
0.00
0.00
0.00
0.00
0.00
0.00
0.00
0.00
0.00
0.00
0.00
0.00
2.13
0.00
0.00
1.67
0.69
0.00
0.00
0.00
0.00
0.00
0.00
0.49
0.00
0.00
0.00
0.00
0.00
0.00
0.00
0.00
0.00
0.00
0.00
0.00
0.00
0.00
0.00
0.00
0.68
0.55
0.00
0.00
0.00
0.00
0.00
0.00
0.00
0.00
0.00
0.00
0.00
0.00
0.00
0.00
0.00
0.00
0.00
0.00
0.00
0.00
0.00
0.00
0.01
0.00
0.01
0.00
0.00
0.00
0.00
0.00
0.00
0.00
0.00
0.00
0.00
1.77
0.00
0.00
0.00
0.00
0.00
0.00
0.00
0.00
0.00
0.00
0.00
0.00
0.00
0.00
0.00
0.00
0.00
0.00
0.00
0.00
0.00
0.00
0.00
0.00
0.00
0.00
0.00
0.00
0.00
0.00
0.00
0.00
0.00
0.00
0.00
0.00
0.00
0.00
0.00
0.00
0.45
0.00
0.00
0.00
0.00
0.00
0.00
0.00
0.00
0.00
0.00
0.00
0.00
0.00
0.00
0.00
0.00
0.00
0.00
0.00
0.00
1.87
0.00
0.00
0.00
0.00
0.00
0.00
0.00
0.00
0.00
0.00
0.00
0.00
0.00
0.00
0.00
0.00
0.00
0.00
0.00
0.00
0.00
0.00
0.00
0.00
0.00
0.00
0.00
0.00
0.00
0.00
0.00
0.00
0.00
0.00
0.00
0.00
0.00
0.00
0.00
0.00
0.00
0.00
0.00
0.00
0.00
0.00
0.00
0.00
0.00
0.00
0.00
0.00
0.00
0.00
0.00
0.00
0.00
0.00
0.00
0.00
0.00
0.00
0.00
0.00
0.00
0.00
0.00
0.00
0.00
0.00
0.00
0.00
0.00
0.00
0.00
0.00
0.00
0.00
0.00
0.00
0.00
0.00
0.00
0.00
0.00
0.00
0.00
0.00
0.00
0.00
0.00
0.00
0.00
0.00
0.00
0.00
0.00
0.00
0.00
0.06
0.03
0.04
0.05
0.05
0.03
0.00
0.00
0.01
0.01
0.00
0.00
0.00
0.00
0.00
0.00
0.00
0.00
0.00
0.00
0.00
0.00
0.00
0.00
0.01
0.01
0.01
0.00
0.01
0.01
0.02
0.02
0.02
0.01
0.01
0.00
0.00
0.00
0.00
0.00
0.00
0.00
0.01
0.00
0.00
0.00
0.00
0.00
0.00
0.00
0.00
0.00
0.00
0.00
0.00
0.00
0.00
0.00
0.00
0.00
0.00
0.00
0.00
0.00
0.00
0.00
0.00
0.00
0.00
0.00
0.00
0.00
0.00
0.00
0.00
0.00
0.00
0.00
0.00
0.00
0.00
0.00
0.00
0.00
0.00
0.00
0.00
0.00
0.00
0.00
0.00
0.00
0.00
0.00
0.00
0.00
0.00
0.00
0.00
0.00
0.00
0.00
0.00
0.00
0.00
0.00
0.00
0.00
0.00
0.00
0.00
0.00
0.00
0.00
0.00
0.00
0.00
0.00
0.00
0.00
0.00
0.00
0.00
0.00
0.00
0.00
0.00
0.00
0.00
0.00
0.00
0.00
0.00
0.00
0.00
0.00
0.00
0.00
0.00
0.00
0.00
0.00
0.00
0.00
0.00
0.00
0.00
0.00
0.00
0.00
0.00
0.00
0.00
0.00
0.00
0.00
0.00
0.00
0.00
0.00
0.00
0.00
0.00
0.00
0.00
0.00
0.00
0.00
0.00
0.00
0.00
0.00
0.00
0.00
0.00
0.00
0.00
0.00
0.00
0.00
0.00
0.00
0.00
0.00
0.00
0.00
0.00
0.00
0.00
0.00
0.00
0.00
0.00
0.00
0.00
0.00
0.00
0.00
0.00
0.00
0.00
0.00
0.00
0.00
0.00
0.00
0.03
0.04
0.06
0.05
0.00
0.00
0.00
0.01
0.01
0.00
0.00
0.00
0.00
0.01
0.00
0.00
0.05
0.04
0.06
0.06
0.05
0.05
0.08
0.06
0.05
0.06
0.07
0.08
0.00
0.00
0.00
0.00
0.00
0.00
0.00
0.00
0.00
0.00
0.00
0.00
0.00
0.00
0.00
0.00
0.00
0.00
0.00
0.00
0.00
0.00
0.00
0.00
0.00
0.00
0.00
0.00
0.00
0.00
0.00
0.00
0.00
0.00
0.00
0.00
0.00
0.00
0.00
0.00
0.00
0.00
0.00
0.00
0.00
0.00
0.00
0.00
0.00
0.00
0.00
0.00
0.00
0.00
0.00
0.00
0.00
0.00
0.00
0.00
0.00
0.00
0.00
0.00
0.00
0.00
0.00
0.00
0.00
0.00
0.00
0.00
0.00
0.00
0.00
0.00
0.00
0.00
0.00
0.00
0.00
0.00
0.00
0.00
0.00
0.00
0.00
0.00
0.00
0.00
0.00
0.00
0.00
0.00
0.00
0.00
0.00
0.00
0.00
0.00
0.00
0.00
0.00
0.00
0.00
0.00
0.00
0.00
0.00
0.00
0.00
0.00
0.00
0.00
0.00
0.00
0.00
0.00
0.00
0.00
0.00
0.00
0.00
0.00
0.00
0.00
0.00
0.00
0.00
0.00
0.00
0.00
0.00
0.00
0.00
0.00
0.00
0.00
0.00
0.00
0.00
0.00
0.00
0.00
0.00
0.00
0.00
0.00
0.00
0.00
0.00
0.00
0.00
0.00
0.00
0.00
0.00
0.00
0.00
0.00
0.00
0.00
0.00
0.00
0.00
0.00
0.00
0.00
0.00
0.00
0.00
0.00
0.00
0.00
0.00
0.00
0.00
0.00
0.00
0.00
0.00
0.00
0.00
0.00
0.00
0.00
0.00
0.00
0.00
0.00
0.00
0.00
0.00
0.00
0.00
0.00
0.00
0.00
0.00
0.00
0.00
0.00
0.00
0.00
0.00
0.00
0.00
0.00
0.00
0.00
0.00
0.00
0.00
0.00
0.00
0.00
0.00
0.00
0.00
0.00
0.00
0.00
0.00
0.00
0.00
0.00
0.00
0.00
0.00
0.00
0.00
0.00
0.00
0.00
0.00
0.00
0.00
0.00
0.00
0.00
0.00
0.00
0.00
0.00
0.00
0.00
0.00
0.00
0.00
0.00
0.00
0.00
0.00
0.00
0.00
0.00
0.00
0.00
0.00
0.00
0.00
0.00
0.00
0.00
0.00
0.00
0.00
0.00
0.00
0.00
0.00
0.00
0.00
0.00
0.00
0.00
0.00
0.00
0.00
0.00
0.00
0.00
0.00
0.00
0.00
0.00
0.00
0.00
0.00
0.00
0.00
0.00
0.00
0.00
0.00
0.00
0.00
0.00
0.00
0.00
0.00
0.00
0.00
0.00
0.00
0.00
0.00
0.00
0.00
0.00
0.00
0.00
0.00
0.00
0.00
0.00
0.00
0.00
0.00
0.00
0.00
0.00
0.00
0.00
0.00
0.00
0.00
0.00
0.00
0.00
0.00
0.00
0.00
0.00
0.00
0.00
0.00
0.00
0.00
0.00
0.00
0.00
0.00
0.00
0.00
0.00
0.00
0.00
0.00
0.00
0.00
0.00
0.00
0.00
0.00
0.00
0.00
0.00
0.00
0.00
0.00
0.00
0.00
0.00
0.00
0.00
0.00
0.00
0.00
0.00
0.00
0.00
0.00
0.00
0.00
0.00
0.00
0.00
0.00
0.00
0.00
0.00
0.00
0.00
0.00
0.00
0.00
0.00
0.00
0.00
0.00
0.00
0.00
0.00
0.00
0.00
0.00
0.00
0.00
0.00
0.00
0.00
0.00
0.00
0.00
0.00
0.00
0.00
0.00
0.00
0.00
0.00
0.00
0.00
0.00
0.00
0.00
0.00
0.00
0.00
0.00
0.00
0.00
0.00
0.00
0.00
0.00
0.00
0.00
0.00
0.00
0.00
0.00
0.00
0.00
0.00
0.00
0.00
0.00
0.00
0.00
0.00
0.00
0.00
0.00
0.00
0.00
0.00
0.00
0.00
0.00
0.00
0.00
0.00
0.00
0.00
0.00
0.00
0.00
0.00
0.00
0.00
0.00
0.00
0.00
0.00
0.00
0.00
0.00
0.00
0.00
0.00
0.00
0.00
0.00
0.00
0.00
0.00
0.00
0.00
0.00
0.00
0.00
0.00
0.00
0.00
0.00
0.00
0.00
0.00
0.00
0.00
0.00
0.00
0.00
0.00
0.00
0.00
0.00
0.00
0.00
0.00
0.00
0.00
0.00
0.00
0.00
0.00
0.00
0.00
0.00
0.00
0.00
0.00
0.00
0.00
0.00
0.00
0.00
0.00
0.00
0.00
0.00
0.00
0.00
0.00
0.00
0.00
0.00
0.00
0.00
0.00
0.00
0.00
0.00
0.00
0.00
0.00
0.00
0.00
0.00
0.00
0.00
0.00
0.00
0.00
0.00
0.00
0.00
0.00
0.00
0.00
0.00
0.00
0.00
0.00
0.00
0.00
0.00
0.00
0.00
0.00
0.00
0.00
0.00
0.00
0.00
0.00
0.00
0.00
0.00
0.00
0.00
0.00
0.00
0.00
0.00
0.00
0.00
0.00
0.00
0.00
0.00
0.00
0.00
0.00
0.00
0.00
0.00
0.00
0.00
0.01
0.02
0.00
0.00
0.01
0.00
0.00
0.01
0.01
0.01
0.01
0.01
0.01
0.02
0.02
0.01
0.00
0.01
0.00
0.01
0.01
0.00
0.01
0.01
0.02
0.01
0.00
0.01
0.01
0.01
0.01
0.01
0.01
0.01
0.00
0.00
0.00
0.00
0.00
0.00
0.00
0.00
0.00
0.00
0.01
0.01
0.00
0.01
0.01
0.00
0.00
0.00
0.00
0.01
0.01
0.01
0.01
0.02
0.01
0.01
0.00
0.00
0.02
0.05
0.02
0.00
0.01
0.00
0.00
0.01
0.00
0.01
0.01
0.00
0.00
0.00
0.00
0.02
0.01
0.01
0.01
0.00
0.01
0.01
0.02
0.00
0.00
0.00
0.00
0.00
0.00
0.01
0.02
0.00
0.01
0.01
0.00
0.00
0.00
0.00
0.01
0.02
0.01
0.01
0.01
0.03
0.01
0.01
0.01
0.01
0.01
0.00
0.01
0.00
0.01
0.01
0.00
0.02
0.03
0.00
0.00
0.01
0.01
0.00
0.01
0.00
0.00
0.01
0.00
0.00
0.00
0.00
0.00
0.01
0.01
0.01
0.00
0.00
0.00
0.01
0.01
0.01
0.01
0.02
0.01
0.01
0.01
0.01
0.01
0.07
0.02
0.03
0.00
0.00
0.00
0.00
0.00
0.01
0.00
0.02
0.00
0.01
0.01
0.01
0.01
0.01
0.02
0.01
0.01
0.01
0.00
0.02
0.02
0.01
0.02
0.01
0.01
0.02
0.01
0.00
0.01
0.01
0.01
0.00
0.00
0.00
0.00
0.01
0.01
0.01
0.00
0.01
0.02
0.01
0.01
0.01
0.01
0.01
0.01
0.00
0.01
0.01
0.00
0.00
0.00
0.00
0.00
0.00
0.00
0.00
0.00
0.00
0.00
0.00
0.00
0.00
0.00
0.00
0.01
0.00
0.01
0.00
0.00
0.00
0.01
0.00
0.01
0.01
0.01
0.01
0.01
0.01
0.00
0.00
0.00
0.00
0.01
0.01
0.02
0.01
0.00
0.00
0.01
0.01
0.01
0.01
0.00
0.02
0.01
0.01
0.01
0.01
0.01
0.01
0.02
0.01
0.00
0.01
0.00
0.00
0.00
0.00
0.00
0.00
0.00
0.01
0.02
0.02
0.01
0.00
0.02
0.01
0.01
0.00
0.00
0.00
0.07
0.06
0.06
0.03
0.05
0.10
0.05
0.05
0.06
0.00
0.00
0.01
0.01
0.01
0.01
0.00
0.00
0.00
0.00
0.01
0.00
0.00
0.00
0.00
0.00
0.00
0.01
0.00
0.00
0.01
0.02
0.01
0.00
0.00
0.00
0.01
0.01
0.01
0.01
0.01
0.01
0.00
0.01
0.01
0.01
0.01
0.00
0.01
0.01
0.00
0.00
0.01
0.01
0.01
0.01
0.00
0.01
0.01
0.00
0.01
0.01
0.01
0.01
0.00
0.00
0.00
0.00
0.00
0.02
0.01
0.00
0.00
0.00
0.00
0.00
0.03
0.00
0.00
0.01
0.01
0.00
0.01
0.01
0.02
0.01
0.01
0.01
0.01
0.01
0.05
0.00
0.02
0.01
0.02
0.01
0.00
0.02
0.01
0.02
0.02
0.02
0.01
0.02
0.01
0.01
0.01
0.01
0.01
0.01
0.02
0.02
0.01
0.02
0.01
0.01
0.01
0.03
0.02
0.03
0.02
0.02
0.00
0.00
0.01
0.02
0.02
0.02
0.01
0.01
0.03
0.01
0.01
0.02
0.01
0.01
0.04
0.04
0.03
0.02
0.01
0.01
0.01
0.04
0.02
0.03
0.03
0.01
0.03
0.02
0.01
0.01
0.02
0.01
0.01
0.01
0.01
0.01
0.01
0.02
0.01
0.02
0.03
0.02
0.02
0.02
0.02
0.02
0.01
0.02
0.02
0.01
0.02
0.01
0.03
0.03
0.02
0.02
0.04
0.02
0.02
0.05
0.05
0.04
0.05
0.02
0.03
0.02
0.04
0.03
0.01
0.01
0.01
0.01
0.01
0.02
0.02
0.02
0.01
0.02
0.01
0.02
0.02
0.01
0.01
0.01
0.03
0.03
0.01
0.02
0.02
0.02
0.03
0.05
0.03
0.02
0.01
0.00
0.01
0.00
0.01
0.00
0.05
0.00
0.00
0.02
0.01
0.02
0.02
0.01
0.02
0.02
0.01
0.01
0.01
0.02
0.01
0.02
0.02
0.01
0.01
0.01
0.01
0.01
0.01
0.01
0.01
0.01
0.02
0.02
0.02
0.02
0.01
0.00
0.00
0.00
0.01
0.01
0.01
0.01
0.01
0.02
0.01
0.01
0.01
0.00
0.01
0.02
0.00
0.00
0.01
0.01
0.01
0.01
0.00
0.01
0.01
0.02
0.00
0.03
0.01
0.02
0.02
0.01
0.02
0.01
0.02
0.05
0.03
0.03
0.02
0.01
0.02
0.02
0.01
0.02
0.03
0.01
0.02
0.01
0.02
0.01
0.01
0.02
0.03
0.02
0.03
0.03
0.02
0.02
0.01
0.03
0.01
0.02
0.01
0.02
0.01
0.02
0.02
0.02
0.02
0.02
0.01
0.00
0.01
0.02
0.03
0.00
0.01
0.01
0.02
0.01
0.00
0.01
0.02
0.02
0.01
0.01
0.02
0.02
0.01
0.02
0.02
0.01
0.02
0.01
0.01
0.01
0.01
0.01
0.02
0.01
0.03
0.02
0.02
0.04
0.01
0.01
0.03
0.02
0.01
0.01
0.02
0.02
0.01
0.01
0.01
0.01
0.01
0.02
0.02
0.02
0.01
0.01
0.02
0.01
0.02
0.01
0.02
0.00
0.00
0.03
0.02
0.03
0.02
0.01
0.01
0.04
0.01
0.01
0.02
0.02
0.02
0.01
0.02
0.02
0.01
0.02
0.04
0.02
0.02
0.03
0.03
0.02
0.01
0.01
0.02
0.02
0.03
0.01
0.03
0.03
0.01
0.01
0.02
0.02
0.01
0.03
0.01
0.02
0.03
0.03
0.03
0.02
0.02
0.02
0.03
0.01
0.02
0.01
0.03
0.02
0.01
0.02
0.02
0.02
0.02
0.01
0.02
0.01
0.02
0.02
0.02
0.01
0.01
0.02
0.01
0.01
0.01
0.01
0.01
0.02
0.01
0.01
0.02
0.02
0.01
0.04
0.04
0.01
0.01
0.03
0.01
0.02
0.01
0.03
0.03
0.00
0.01
0.01
0.01
0.01
0.02
0.02
0.05
0.02
0.01
0.03
0.02
0.01
0.00
0.01
0.01
0.01
0.02
0.02
0.01
0.02
0.02
0.01
0.01
0.01
0.01
0.01
0.01
0.02
0.02
0.02
0.02
0.01
0.01
0.03
0.02
0.02
0.02
0.01
0.02
0.02
0.04
0.01
0.03
0.02
0.02
0.01
0.02
0.02
0.02
0.01
0.00
0.00
0.00
0.01
0.01
0.01
0.00
0.02
0.01
0.01
0.01
0.01
0.00
0.01
0.01
0.01
0.00
0.01
0.01
0.01
0.00
0.02
0.02
0.01
0.02
0.03
0.02
0.04
0.01
0.02
0.02
0.03
0.03
0.00
0.02
0.01
0.01
0.02
0.02
0.01
0.01
0.03
0.01
0.02
0.02
0.01
0.02
0.01
0.01
0.02
0.02
0.01
0.01
0.00
0.02
0.02
0.02
0.02
0.01
0.01
0.03
0.02
0.02
0.02
0.01
0.02
0.02
0.01
0.01
0.02
0.02
0.02
0.01
0.03
0.03
0.02
0.01
0.02
0.01
0.04
0.04
0.01
0.02
0.01
0.01
0.02
0.03
0.02
0.02
0.02
0.02
0.01
0.01
0.02
0.02
0.02
0.02
0.02
0.00
0.01
0.00
0.02
0.00
0.03
0.00
0.01
0.03
0.03
0.01
0.01
0.01
0.02
0.02
0.02
0.01
0.01
0.02
0.01
0.01
0.01
0.02
0.02
0.01
0.01
0.00
0.01
0.01
0.01
0.00
0.03
0.01
0.01
0.04
0.01
0.01
0.01
0.01
0.04
0.01
0.01
0.01
0.01
0.01
0.02
0.01
0.01
0.01
0.01
0.01
0.01
0.02
0.01
0.01
0.01
0.01
0.01
0.01
0.01
0.00
0.02
0.00
0.00
0.01
0.01
0.01
0.01
0.01
0.01
0.01
0.01
0.02
0.01
0.01
0.02
0.02
0.02
0.01
0.01
0.01
0.00
0.01
0.01
0.01
0.03
0.01
0.01
0.01
0.01
0.00
0.03
0.01
0.01
0.02
0.02
0.02
0.00
0.01
0.00
0.00
0.00
0.01
0.04
0.03
0.02
0.02
0.01
0.00
0.02
0.02
0.01
0.02
0.02
0.01
0.01
0.01
0.00
0.01
0.03
0.02
0.03
0.03
0.02
0.02
0.02
0.02
0.02
0.02
0.02
0.02
0.03
0.01
