4632
4948
4636
5024
4980
4936
5004
4980
4840
4660
4960
4968
4784
4836
4892
4896
4940
4916
4976
4708
4904
4980
4992
4892
4816
4876
5064
4976
4728
4992
5036
5000
4876
4820
4828
5012
4988
4964
4728
5064
4936
5036
5040
4804
4892
4912
4940
4940
5048
4708
4900
4944
4840
4948
4980
4888
4960
5044
4820
4932
5072
4976
4940
4992
4992
5020
4804
4980
4660
4876
4872
4640
4912
5024
4812
4788
4764
4932
4912
4600
5000
4848
4796
4992
4956
4740
4984
4908
4964
4964
5060
4776
4848
4912
4820
4928
4884
5068
4880
5108
4892
4696
4840
4984
4988
4924
5000
5008
4876
4992
4684
4988
4984
4888
4948
4996
4900
4816
4984
4948
4740
4628
4776
4884
4664
4984
4916
4856
4880
4800
4928
4968
4860
4912
4984
4964
4996
5068
4864
4928
4988
4932
5080
5048
4976
4888
4888
4912
4936
4688
4976
4992
4732
4972
4992
4960
4596
4996
4836
4868
4932
4932
4912
4920
4988
4808
4760
4860
4992
4980
4876
4924
4980
5016
4764
4884
4860
4716
4800
4836
4640
4680
4628
5016
4856
4964
4920
4832
4984
5032
4892
4960
5004
4880
4688
4684
4916
4872
4656
5020
4840
4912
4868
4952
4856
4900
5068
4952
4936
4940
4996
4796
4972
4948
4892
5000
4804
5008
5000
4904
4988
4964
4832
4876
4964
4792
4956
5004
5028
4808
4916
4968
4936
4844
4772
4932
4872
4896
5048
4952
4860
4820
4924
4948
4864
4968
4972
4772
4988
4820
4984
5028
4776
4652
4916
4820
4840
4948
4976
4876
4944
4952
5064
4840
4980
4876
4892
4880
4948
4856
4940
4884
4980
4916
4992
4824
4992
4648
4936
4908
4944
4764
4596
4928
5012
4876
4980
4940
4892
4896
4948
4916
4984
4964
4908
4976
5028
4968
5000
4864
4692
5028
4972
5068
5036
4960
4972
4824
4864
4608
4984
4820
4776
5012
4976
4864
5016
4812
5020
4696
4804
4884
5036
4856
4648
4688
5032
4604
4964
4744
4880
5004
4904
4848
5012
4916
4804
4740
4616
4800
5016
4900
4944
4848
4992
4984
4576
4996
4984
4980
4744
4872
4908
5004
4808
5024
4768
4880
4896
4968
4600
4836
4636
4664
4792
4980
4816
4992
4936
4980
5000
4968
4844
4948
4860
4580
5036
4940
4848
4608
4656
4772
4944
4860
4904
4844
4844
4896
4752
4916
4908
4744
4964
4928
5004
5000
4840
4876
4816
4900
4920
5000
5020
4844
4872
5100
4868
4956
4968
4800
4912
4920
4876
4664
4992
4628
4940
4864
4800
4980
4932
4964
4984
4984
4956
4804
4980
4688
4696
4976
4948
6076
5328
4944
4924
5008
5036
5108
5024
5100
4868
4848
5028
4652
5096
4676
5140
4964
5624
5576
5620
5464
5416
5592
5376
5252
5388
5468
5432
5572
5492
5224
5636
5576
5516
5640
5520
5444
5248
5504
5408
5460
5984
5428
5508
5532
5784
5572
5524
5664
5620
5588
5552
5608
5452
5196
5536
5488
5600
5452
5564
5572
5384
5656
5488
5476
5484
5440
5296
5600
5696
5584
5456
5348
5580
5544
5524
5736
5456
5568
5592
5484
5500
5808
5548
5532
5492
5420
5428
5428
5572
5520
5480
5812
5576
5400
5532
5736
5436
5500
5612
5416
5520
5644
5840
5752
5500
5464
5548
5688
5424
5644
5676
5328
5724
5444
5500
5536
5480
5608
5296
5616
5596
5296
5700
5604
5700
5568
5548
5348
5500
5328
5816
5596
5620
5348
5444
5648
5540
5688
5680
5528
5456
5356
5696
5300
5688
5628
5412
5608
5500
5420
5336
5772
5580
5580
5592
5504
5592
5528
5604
5508
5336
5304
5568
5424
5392
5376
5700
5728
5488
5548
5596
5640
5456
5496
5500
5504
5512
5664
5656
5468
5300
5464
5600
5536
5588
5616
5492
5412
5664
5616
5524
5836
5544
5764
5492
5440
5344
5676
5444
5572
5388
5416
5408
5592
5796
5540
5624
5560
5632
5768
5568
5612
5296
5616
5324
5540
5520
5404
5648
5744
5540
5588
5508
5580
5564
5612
5612
5556
5664
5548
5736
5216
5632
5504
5352
5536
5472
5764
5588
5624
5720
5688
5588
5444
5420
5564
5740
5640
5516
5656
5432
5560
5324
5552
5636
5412
5496
5452
5420
5564
5616
5584
5492
5544
5396
5628
5496
5456
5632
5600
5772
5180
5536
5700
5588
5596
5284
5720
5228
5576
5448
5728
6336
5884
6244
5860
5744
5836
5792
5724
6188
5828
5984
5688
5544
5580
5880
5712
5776
5460
5844
5648
5864
5760
5888
5568
5572
5744
5992
5472
5764
5752
5712
5644
5796
5664
5584
5592
5904
5696
5868
5804
5664
5696
5624
5532
5756
5984
5744
5756
5740
5680
5548
5980
5696
5812
5532
5700
5724
5936
5632
5488
5712
6096
5652
5696
5924
5896
5756
5720
5780
5704
5664
5480
5596
5684
5916
5640
5816
5888
5820
5852
6108
5600
5888
5716
6148
6140
6072
5724
5924
5700
5764
5532
5604
5948
5836
5716
5828
5688
5584
5732
5732
5552
5544
6104
5664
6132
5716
5516
5640
5716
5264
5744
5856
5540
5772
5804
5536
5776
5412
5896
5772
5728
5364
5248
5340
5424
5288
5312
4904
5108
5272
5340
5136
5276
5244
5288
5244
5260
5396
5220
5296
5188
5136
5248
5288
5292
5412
5256
5224
5280
5172
5272
5324
5324
5288
4972
5640
5236
5012
5236
5420
5180
5804
5144
5080
4948
5292
5856
5372
6868
6792
6928
7372
7312
6700
6788
6908
7300
7052
6516
6572
6852
6964
6884
7072
6676
6552
6772
6704
6524
6940
6756
7188
6452
7000
6408
6644
7120
6484
7052
7448
7088
6880
6836
6704
7028
6932
6904
6772
6864
6784
6756
6872
6516
6400
7612
7156
6812
6988
6744
6916
6572
6608
6376
6820
7512
6920
7880
8020
7840
7216
5064
5376
5108
5228
5784
5448
5204
5420
5132
5456
5392
5084
5500
5436
8012
5476
7764
6708
4772
4864
4708
4552
4548
4776
4908
4552
4476
4904
4568
4700
4812
4872
4684
4816
4808
4740
4872
4872
4812
4716
5244
5596
5616
5540
5448
5496
5732
5680
5824
5584
5732
5864
6536
5880
5108
5164
5076
5316
4984
5236
5176
4768
4964
4884
4612
4924
4948
5060
5372
5664
5332
4668
5140
5080
5028
4944
5104
5060
4916
4672
4888
4976
5056
4944
5048
4988
4764
5184
5088
5140
4948
4852
4964
4720
4872
4936
4920
4644
4984
5032
4928
4916
5132
5008
5036
4976
4736
4988
4720
4864
4740
4828
4832
4880
4856
4860
5060
4952
5140
5068
4940
4956
4948
4860
5020
4800
5012
5100
5316
4644
5284
4984
5320
5276
5348
5012
5096
4792
4928
4828
4716
4784
4944
4920
4948
5088
5004
5008
4988
4984
5480
5068
4932
5364
5732
5060
5452
6460
5844
5496
5992
5300
5248
4996
4964
5124
5076
5096
4860
4820
4984
5572
5864
6064
5860
6128
5000
5216
5160
5320
5244
6452
4968
5316
5308
5000
5184
4928
5128
5384
5252
5572
5992
6356
5268
5348
6228
5576
6324
5300
5332
6020
5392
4796
5428
5848
5808
5760
6432
5628
5468
5280
5324
5056
5428
5300
5144
5072
5332
5432
5280
5284
5264
5144
5140
5692
5360
5336
6052
5272
5224
5152
5368
5628
5132
5588
5596
5964
5220
5484
5408
5300
5484
5388
5024
5616
5392
5592
5344
5420
6020
5672
5232
5960
5584
5700
5376
5088
5156
5140
4944
5552
5676
5396
5500
5456
5344
5436
5524
6144
5640
5696
5544
5752
5176
5816
5240
5696
5892
5432
5228
5844
5596
5460
5584
5772
5900
5656
5860
5868
5644
5548
5424
5840
5580
5692
5464
5776
5672
5388
5884
5812
5524
5420
6096
5460
5948
6120
5532
5352
5724
5584
5384
5272
5768
5360
5404
5416
5756
5204
6092
5448
5620
5788
5508
5428
5644
5556
5672
5584
5468
6048
5692
5756
5388
5444
5468
5480
5448
5448
5428
5272
5312
5600
5320
5404
5176
5208
5268
5432
5424
5232
5468
5188
5468
5636
5784
5504
5560
5324
5792
5632
5616
5776
5896
5244
5540
5364
5228
5568
5820
5668
5784
5656
5460
5828
5424
5792
5692
5708
5388
5644
5548
5656
5620
5744
6048
5144
5468
5460
5228
5568
5524
7040
4884
4732
4884
4768
4736
4804
4700
4800
4632
4860
4612
4548
4712
4888
4656
4864
4732
4840
4836
4636
4828
4640
4776
4656
4796
4760
4892
4556
4864
4808
4912
4892
4884
4820
4660
4856
4876
4800
4752
4788
4520
4784
4720
4744
4688
4780
4608
4872
4768
4880
4504
4856
4852
4804
4700
4516
4532
4664
4444
4712
4768
4824
4640
4712
4816
4808
4900
4632
4824
4520
4812
4908
4584
4764
4524
4712
4824
4872
4688
4668
4556
4864
4888
4812
4848
4540
4864
4872
4800
4744
4832
4804
4820
4556
4772
4768
4676
4684
4868
4844
4556
4848
4804
4856
4892
4648
4520
4864
4884
4884
4684
4748
4756
4772
4708
4664
4824
4404
4760
4728
4844
4856
4592
4556
4716
4456
4432
4652
4752
6964
4760
4736
4744
4620
4388
4724
4732
4608
4696
4852
4840
4752
4716
4820
4700
4560
4716
4712
4784
4688
4836
4848
4684
4816
4780
4572
4620
4744
4620
4724
4432
4748
4772
4844
4856
4672
4748
4756
4848
4724
4744
4756
4432
4760
4412
4608
4752
4736
4744
4724
4584
4800
4820
4736
4756
4684
4712
4660
4584
4716
4632
4536
4740
4772
4448
4708
4772
4740
4748
4832
4420
4700
4648
4732
4776
4716
4748
4876
6720
4708
4692
4688
4780
4576
4420
4436
4756
4772
4700
4784
4840
4840
4744
4720
4620
4652
4588
4804
4744
4724
4632
4788
4620
4816
4704
4616
4468
4832
4632
4628
4556
4580
4716
4584
4820
4816
4784
4804
4840
4648
4644
4552
4624
4468
4792
4452
4820
4864
4748
4552
4676
4436
4756
4684
4860
5236
4856
4748
4608
4668
4528
4756
5368
4844
7248
5548
4820
4776
4848
4752
4736
4908
4852
4596
4884
4492
4684
4584
6960
4456
4576
6748
5656
4764
4672
4720
4840
4456
4708
5656
4764
4660
4816
4476
4500
4776
4780
4712
4768
4396
4824
4444
4824
4684
4624
4616
5888
5672
4416
4816
4628
4688
4856
4724
4748
4724
4624
4828
4792
4576
4740
4844
4596
4788
4624
4720
4752
4456
4832
4744
4896
4560
4876
4456
4656
4796
4732
4768
4584
4800
4708
4744
4552
6784
4584
4840
4828
4776
4756
4752
4716
4604
4660
4804
4792
4640
4688
4628
4848
4792
4596
4680
4788
4684
4684
4652
4788
4660
4748
4532
4680
4620
4784
4684
4852
4592
4796
4436
4448
4704
4752
4736
4760
4428
5468
4692
4856
4852
4600
4796
4604
4752
4836
4728
4660
4668
4764
4744
4736
4604
4456
4632
4636
4452
4764
6712
4652
4692
4752
4852
4780
4756
4740
4796
4784
4736
4812
4732
4416
4528
4704
4592
4760
4784
4756
4652
4752
4768
4512
4712
4640
4772
4744
4892
4684
4736
4636
4712
4732
4696
4764
4600
4732
4864
4848
4580
4696
4440
4740
4736
4752
4844
4696
4756
4468
4712
4732
4760
4768
4600
4760
4744
4848
4812
4736
4764
4636
4704
4736
4668
4780
4776
4812
4632
4460
4416
4788
4488
4784
4660
4396
4624
4764
4600
4860
4656
4788
4752
4720
4752
4776
4848
4708
4468
4748
4808
4888
4780
4800
4680
4484
4516
4668
4644
4856
4788
5020
4912
4740
5036
4716
4716
4888
4580
4888
4916
4884
4728
4800
4544
4852
4900
4876
4840
4604
4912
4852
4852
4948
4616
4876
4820
4916
4596
4924
4876
4964
4680
4984
4624
4564
4840
4800
4892
4640
4704
4644
4984
4520
4772
4796
4604
4592
4804
4624
4708
4544
4744
4668
4616
4596
4752
4740
4704
4644
4844
4592
4844
4508
4444
4548
4688
4768
4824
4400
4412
4712
4464
4592
4800
4808
4760
4752
4768
4856
4420
4888
4692
4628
4592
4424
4732
4612
4880
4776
4816
4860
4796
4752
4728
4780
4648
4560
4856
4756
4864
4684
4508
4608
4844
4460
4620
4644
4812
4756
4452
4396
4800
4512
4636
4756
4776
4616
4612
4744
4852
4908
4460
4408
4736
4440
4776
4792
4580
4440
4808
4840
4672
4856
4716
4644
4828
4632
4672
4596
4388
4632
4436
4848
4756
4632
4572
4744
4596
4392
4632
4728
4708
4460
4648
4748
4836
4788
4848
4568
4632
4888
4740
4712
4732
4620
4740
4408
4428
4760
4752
4700
4692
4752
4868
4412
4748
4744
4752
4764
4456
4768
4804
4808
4896
4484
4864
4808
4616
4536
4820
4896
4840
4636
4808
4764
4836
4664
4920
4844
4580
4540
4776
4748
4796
4704
5072
4956
5008
4936
4736
4756
4968
4876
4856
4916
4924
4888
4792
4928
4836
4896
4880
5116
5100
5116
5144
4820
5156
4992
5072
5160
4960
5088
4776
4800
4460
4696
4776
4748
4776
4424
4664
4668
4544
4872
4696
4608
4748
4804
4808
4636
4668
4808
4804
4840
4576
4472
4728
4776
4736
4848
4424
4468
4752
4708
4684
4780
4620
4740
4756
4768
4600
4572
4700
4764
4584
4596
4708
4764
4784
4788
4464
4756
4436
4840
4476
4788
4468
4472
4448
4740
4684
4832
4700
4548
4568
4752
4748
4708
4676
4772
4720
4828
4836
4596
4424
4728
4800
4620
4788
4652
4596
4760
4604
4876
4764
4600
4744
4448
4604
4844
4696
4748
4740
4500
4832
4756
4740
4688
4860
4744
4756
4468
4636
4900
4688
4704
4836
4632
4760
4652
4768
4844
4764
4752
4448
4704
4844
4824
4760
4648
4836
4772
4488
4788
4816
4856
4816
4840
4768
4636
4792
4768
4740
4776
4708
4640
4604
4896
4872
4824
4508
4760
4856
4712
4704
4780
4600
4756
4580
4748
4796
4816
4760
4740
4800
4596
4772
4724
4856
4708
4880
4644
4652
4772
4776
4776
4692
4800
4864
4556
4728
4744
4836
4552
4624
4660
4572
4428
4760
4780
4668
4640
4804
4832
4548
4788
4628
4760
4712
4496
4808
4668
4664
4848
4736
4676
4804
4828
4848
4488
4792
4724
4764
4880
4484
4792
4752
4580
4760
4660
4660
4880
4732
4796
4856
4764
4776
4640
4624
4608
4692
4652
4492
4868
4668
4744
4800
4692
4516
4520
4708
4704
4720
4832
4640
4484
4796
4820
4752
4756
4800
4696
4736
4692
4740
4872
4792
4848
4804
4764
4760
4468
4424
4636
4812
4604
4816
4464
4812
4640
4792
4600
4808
4848
4656
4696
4636
4844
4832
4800
4452
4728
4772
4652
4464
4716
4428
4524
4580
4800
4756
4748
4600
4644
4772
4784
4776
4724
4772
4728
4492
4736
4680
4640
4780
4708
4872
4584
4704
4708
4808
4668
4836
4640
4752
4856
4816
4812
4844
4704
4808
4652
4776
4596
4800
4464
4756
4896
4512
4780
4840
4784
4884
4848
4824
4748
4772
4868
4796
4576
4708
4736
4756
4752
4888
4784
4592
4732
4844
4816
4720
4796
4732
4844
4696
4820
4888
4836
4812
4776
4652
4680
4780
4664
4476
4652
4600
4772
4588
4812
4792
4776
4828
4676
4776
4824
4836
4900
4772
4812
4772
4844
4640
4708
4772
4620
4780
4700
4588
4780
4864
4856
4828
4480
4704
4672
4628
4700
4616
4620
4676
4780
4796
4420
4712
4656
4772
4596
4472
4860
4884
4884
4828
4480
4684
4724
4760
4816
4788
4688
4864
4784
4632
4524
4812
4852
4780
4448
4456
4736
4508
4692
4628
4764
4772
4784
4684
4440
4772
4584
4792
4768
4796
4836
4664
4804
4788
4436
4760
4772
4636
4636
4608
4868
4900
4748
4832
4788
4808
4432
4604
4840
4648
4808
4784
4772
4464
4612
4568
4752
4648
4760
4728
4832
4700
4468
4704
4728
4592
4784
4748
4748
4812
4624
4612
4812
4748
4748
4788
4480
4684
4820
4596
4752
4576
4772
4600
4800
4868
4676
4860
4780
4640
4724
4768
4860
4860
4528
4828
4692
4884
4608
4768
4776
4868
4788
4616
4844
4464
4764
4864
4800
4764
4640
4704
4536
4588
4828
4548
4716
4836
4868
4740
4640
4768
4780
4684
4732
4836
4732
4532
4588
4460
4700
4416
4760
4548
4804
4632
4744
4468
4904
4576
4788
4728
4796
4864
4792
4700
4568
4748
4564
4844
4864
4744
4704
4808
4624
4800
4716
4840
4768
4496
4780
4788
4432
4428
4692
4644
4656
4700
4780
4740
4840
4724
4748
4632
4732
4440
4700
4660
4808
4872
4620
4804
4800
4812
4536
4800
4752
4644
4760
4488
4904
4980
4780
4904
4804
4920
4772
4964
4876
4928
4976
5012
4804
4984
5012
4908
4956
4884
4796
4632
4956
4864
4764
4764
4964
4844
4904
4868
4884
4936
4864
4948
4944
4776
4616
4800
4520
4648
4604
4852
4852
4756
4900
4776
4820
4884
4764
4996
4992
4776
4724
4764
4872
4896
5020
4944
4808
4780
4956
4808
4892
4596
4788
5016
4924
4620
4976
4816
4776
4980
4792
4936
4780
4872
4852
4860
4740
4776
4656
4948
4976
4912
4932
4936
4808
4820
4836
4504
4732
4772
4548
4864
5000
4860
4888
4916
4832
4800
4780
4476
4840
4968
4664
4944
4528
4828
4928
4980
4908
4984
4816
4944
4920
4620
4792
4960
4584
4648
5064
4880
4540
4768
5016
4756
4600
4864
4904
4992
4672
4484
4488
4800
4836
4796
4784
4696
4856
4780
4784
4940
4920
4584
4944
4908
4972
4852
4864
5032
4960
5104
5044
5000
4532
4812
4716
4880
4548
4580
4956
5016
4804
4924
4836
5008
4656
4896
4948
4640
4972
4928
4816
4992
4980
4912
4652
5016
4888
4784
4948
4916
4756
4872
4932
4900
4848
4880
4804
4968
4868
4992
4796
4908
4972
4992
5020
4876
4952
4676
4796
4728
4908
4920
4768
4732
4720
4444
4628
4584
4700
4668
4764
4800
4824
4696
4688
4708
4708
4692
4916
4620
4944
4516
4528
4876
4656
4668
4648
4792
4808
4876
4828
4660
4972
4780
4840
4828
4816
4816
4956
4928
4872
4788
4896
4992
4848
4828
4840
4868
4756
4956
5020
4936
4896
4968
4996
4932
4620
4976
4752
4856
4928
4816
4768
4800
4820
4920
4972
4972
4888
4808
4984
4912
4780
4640
4772
4808
4936
4836
4824
5096
5004
5192
5096
5076
4792
4664
4852
5016
4672
4964
4756
4716
4784
4700
4948
4620
4884
4696
4808
4604
4608
4428
4988
4712
4768
4872
4904
4784
4436
4792
4776
4996
4632
4976
4988
4628
4948
4668
4804
4952
4676
4756
4840
4972
4952
4820
4736
4896
4876
4724
4888
4888
4908
4676
4764
4792
4852
4820
4880
4760
4512
4876
4816
4804
4912
4972
4660
4760
4776
4772
4788
4932
4796
4764
4924
4852
4476
4904
4888
4940
4768
4888
4948
4792
4944
5176
4848
4680
5068
4972
4640
4696
4884
4984
4964
4832
4904
4996
5024
4996
4864
4660
4820
4968
4968
5040
5020
4844
4956
4860
4948
4984
4992
4920
5040
5072
4856
4568
4876
4832
5024
5072
4852
4976
4976
4664
4840
5008
4632
4600
4952
4768
5052
4968
5020
4884
4988
4884
4900
4992
5040
4692
4860
4972
4896
4820
4944
4956
4804
4960
4596
4812
5036
4916
5028
5020
5072
5072
5008
5004
4888
5024
4640
4980
4976
4868
4676
4908
4888
4872
4992
4984
4868
5012
5000
4892
5000
5076
4772
4988
5028
4900
5020
5076
5008
4868
4828
4640
4972
5020
4916
4908
5016
4976
4796
4908
4972
5020
4688
4968
4896
4976
4988
5024
4964
4968
4816
5064
4972
4808
4640
4992
4864
5012
4896
4960
4576
5064
4576
4940
4732
4964
4944
4788
4948
5008
4968
4928
4840
4888
4840
4788
4984
4952
4800
4976
4844
4832
4972
4912
4896
4912
4984
4936
4772
5024
4700
4636
4880
4888
4844
4908
4884
4936
4996
4976
4652
4992
4908
4884
4800
4784
4684
4956
4868
4756
4880
5024
4840
4868
4632
4840
4684
4804
4936
4912
5028
4860
5012
4976
4644
5016
5048
5060
4948
4928
4904
5008
4700
4876
4852
4968
4944
4948
4820
4836
4940
4772
4948
4968
4984
5004
5052
4656
4832
5072
4876
4948
4848
4868
4920
4824
5032
4816
4948
4924
4844
4872
4524
4652
4828
5048
4692
4860
4808
5004
4948
4592
4988
4996
5024
4928
4876
4684
4632
4900
5076
4812
4628
4912
4936
4964
4964
4800
4640
4972
4964
5052
4908
4660
4744
4892
4660
4944
4864
4680
4904
4836
4964
4600
4960
4780
4948
4776
4976
4900
4920
4784
4984
5000
4804
4928
5024
4996
4888
4688
4976
4972
4948
4992
4972
4904
5084
4948
4908
4928
4960
4968
4820
4864
4676
4784
4992
5020
4920
4984
5056
4980
4812
5000
4932
4864
4792
5064
4976
4876
4856
4828
4680
4960
4700
4912
4712
4864
4848
5080
4684
4836
4872
5056
4916
4732
4852
4960
4976
4916
4692
4928
4980
5052
4972
4852
4816
5024
4668
5040
5048
4960
4624
4920
4976
4600
4880
4636
4804
4924
4936
5016
4832
5072
4812
4980
5052
4708
5048
4992
5028
4932
5000
4976
5044
4972
4732
4956
4844
4828
4988
4912
5040
5024
4884
4976
4780
4812
4832
4588
4980
4940
4788
4940
4660
4948
4656
4932
5008
4928
4868
4964
4784
5040
4980
4992
4852
4832
4948
5000
4940
4664
4684
4944
4788
4688
4828
4732
4656
4860
4996
4936
4916
4980
4900
4636
4964
4768
4728
4860
4872
4964
4916
4620
4920
4872
4808
5028
4792
4848
4916
4832
4864
4740
4584
4868
4916
4936
5004
5028
4964
4972
5016
5068
4880
4836
5012
5064
5044
4672
4908
4672
4948
5028
4844
4852
4924
4920
5020
4804
4992
4700
4848
4896
4868
4908
4896
4880
5016
4644
4624
4684
5044
5024
4904
4620
4880
4984
4928
4708
4972
4992
4952
4944
4872
4656
4856
4984
4956
4776
4968
4860
4936
4792
4900
5044
4844
5056
4796
4692
4960
4888
4776
4984
4676
4668
4932
4844
4956
4888
5044
4944
5004
5024
4976
4824
4820
4944
4972
4744
4640
4772
4900
4928
5028
4936
4952
4960
4772
5012
4832
4916
4660
5012
4832
4936
4824
4812
4960
4924
4904
4848
4692
4572
4880
4760
4708
4804
5032
5032
4984
4760
4916
4872
4684
4604
4612
4800
4628
4932
5032
4804
4776
4636
4904
4884
4916
4808
4916
4948
4964
4952
4992
4940
4932
4852
4960
4936
4528
4784
4976
4632
4564
4940
4632
4656
4820
4932
4928
4908
4940
4920
5020
4900
4844
5032
4736
4860
4864
4996
4828
4880
4612
5048
4880
4744
4912
4960
4872
4984
4656
4912
4676
4920
4880
4852
4532
4600
4832
5060
4892
4708
5020
4700
4796
5044
4896
5024
4996
5012
4944
4916
4848
5000
5064
4900
5032
4884
4996
4952
4628
4680
4976
5068
4932
4952
4720
4972
