0.01
0.00
0.00
0.01
0.02
0.01
0.01
0.01
0.01
0.01
0.01
0.02
0.01
0.02
0.01
0.01
0.02
0.02
0.01
0.02
0.03
0.03
0.02
0.00
0.01
0.02
0.03
0.04
0.03
0.02
0.02
0.02
0.01
0.01
0.01
0.01
0.01
0.01
0.03
0.03
0.01
0.02
0.02
0.01
0.00
0.01
0.02
0.00
0.03
0.03
0.00
0.01
0.01
0.01
0.01
0.00
0.01
0.02
0.01
0.01
0.04
0.02
0.02
0.01
0.02
0.01
0.01
0.01
0.02
0.02
0.02
0.02
0.01
0.02
0.02
0.01
0.01
0.01
0.01
0.01
0.01
0.01
0.01
0.01
0.01
0.04
0.01
0.01
0.01
0.01
0.02
0.01
0.02
0.01
0.01
0.00
0.02
0.02
0.02
0.04
0.00
0.01
0.01
0.01
0.02
0.01
0.02
0.01
0.01
0.02
0.02
0.01
0.01
0.01
0.02
0.02
0.01
0.01
0.01
0.01
0.00
0.00
0.00
0.00
0.01
0.01
0.01
0.01
0.01
0.01
0.01
0.01
0.01
0.01
0.01
0.00
0.01
0.02
0.01
0.01
0.01
0.01
0.02
0.02
0.02
0.03
0.01
0.01
0.01
0.01
0.01
0.02
0.03
0.02
0.00
0.00
0.00
0.01
0.01
0.03
0.01
0.01
0.01
0.01
0.01
0.02
0.02
0.01
0.01
0.02
0.02
0.02
0.01
0.01
0.00
0.01
0.01
0.02
0.01
0.01
0.02
0.02
0.01
0.02
0.02
0.00
0.00
0.04
0.01
0.04
0.02
0.01
0.02
0.01
0.01
0.01
0.01
0.01
0.01
0.02
0.01
0.01
0.01
0.01
0.00
0.00
0.02
0.02
0.01
0.02
0.02
0.01
0.01
0.01
0.01
0.01
0.01
0.03
0.01
0.01
0.02
0.02
0.01
0.01
0.01
0.01
0.02
0.03
0.04
0.01
0.01
0.01
0.01
0.02
0.01
0.01
0.00
0.01
0.02
0.01
0.01
0.02
0.01
0.02
0.00
0.03
0.01
0.00
0.02
0.01
0.01
0.02
0.01
0.02
0.01
0.01
0.02
0.01
0.02
0.01
0.00
0.01
0.03
0.01
0.01
0.01
0.01
0.00
0.01
0.01
0.02
0.01
0.01
0.01
0.02
0.02
0.01
0.02
0.01
0.01
0.01
0.04
0.01
0.01
0.02
0.01
0.03
0.02
0.01
0.02
0.02
0.01
0.02
0.01
0.01
0.02
0.02
0.02
0.03
0.03
0.01
0.01
0.01
0.03
0.02
0.01
0.01
0.02
0.01
0.00
0.01
0.01
0.01
0.02
0.01
0.01
0.01
0.02
0.03
0.01
0.00
0.02
0.02
0.01
0.01
0.02
0.03
0.01
0.01
0.01
0.00
0.02
0.01
0.01
0.01
0.02
0.02
0.00
0.01
0.00
0.01
0.00
0.01
0.01
0.01
0.01
0.01
0.00
0.01
0.00
0.01
0.01
0.01
0.01
0.01
0.02
0.01
0.01
0.01
0.01
0.01
0.01
0.01
0.01
0.01
0.01
0.02
0.01
0.01
0.01
0.02
0.01
0.01
0.01
0.01
0.01
0.02
0.02
0.01
0.01
0.01
0.01
0.01
0.01
0.02
0.01
0.00
0.01
0.01
0.01
0.01
0.01
0.02
0.01
0.03
0.01
0.02
0.01
0.00
0.01
0.02
0.01
0.02
0.01
0.01
0.04
0.00
0.01
0.01
0.00
0.01
0.01
0.01
0.02
0.02
0.01
0.01
0.01
0.01
0.01
0.01
0.01
0.01
0.02
0.01
0.01
0.01
0.01
0.00
0.00
0.00
1.67
0.21
0.05
0.03
0.02
0.04
0.04
0.02
0.05
0.06
0.03
0.03
0.01
0.03
0.02
0.05
0.04
0.50
0.44
0.47
0.40
0.42
0.39
0.40
0.34
0.45
0.51
0.33
0.40
0.39
0.34
0.46
0.50
0.45
0.39
0.33
0.37
0.40
0.32
0.56
0.38
0.96
0.43
0.36
0.62
0.54
0.36
0.45
0.53
0.46
0.35
0.53
0.36
0.38
0.36
0.41
0.41
0.38
0.29
0.47
0.52
0.62
0.67
0.76
0.46
0.43
0.39
0.33
0.48
0.57
0.44
0.45
0.35
0.62
0.38
0.46
0.57
0.47
0.46
0.52
0.44
0.55
0.73
0.33
0.42
0.46
0.54
0.43
0.43
0.65
0.49
0.32
0.71
0.40
0.36
0.34
0.58
0.55
0.42
0.71
0.38
0.42
0.46
0.71
0.71
0.37
0.48
0.39
0.50
0.32
0.47
0.47
0.46
0.46
0.42
0.34
0.44
0.37
0.56
0.34
0.45
0.67
0.37
0.48
0.45
0.55
0.44
0.55
0.38
0.54
0.36
0.77
0.46
0.54
0.39
0.37
0.54
0.49
0.75
0.52
0.37
0.36
0.33
0.51
0.57
0.57
0.68
0.41
0.45
0.39
0.39
0.37
0.67
0.49
0.50
0.46
0.44
0.47
0.51
0.51
0.38
0.35
0.53
0.39
0.46
0.34
0.30
0.74
0.43
0.60
0.42
0.46
0.42
0.45
0.45
0.48
0.46
0.45
0.63
0.48
0.40
0.38
0.47
0.65
0.51
0.40
0.41
0.39
0.64
0.47
0.48
0.39
0.68
0.59
0.69
0.34
0.54
0.40
0.45
0.55
0.44
0.45
0.44
0.41
0.53
0.58
0.49
0.67
0.47
0.44
0.44
0.51
0.39
0.51
0.33
0.35
0.46
0.37
0.36
0.55
0.61
0.50
0.51
0.62
0.36
0.39
0.45
0.51
0.29
0.65
0.52
0.76
0.40
0.61
0.37
0.52
0.49
0.47
0.52
0.43
0.35
0.47
0.41
0.54
0.37
0.51
0.39
0.49
0.48
0.50
0.48
0.37
0.46
0.40
0.39
0.38
0.34
0.41
0.35
0.60
0.35
0.46
0.34
0.34
0.45
0.35
0.49
0.45
0.57
0.48
0.42
0.75
0.56
0.48
0.59
0.48
0.51
0.68
0.69
0.39
0.38
0.36
0.54
1.45
0.78
1.52
0.67
0.53
0.71
0.69
0.62
1.36
0.91
1.23
0.72
0.65
0.50
0.85
0.55
0.76
0.45
0.98
0.64
0.73
0.88
0.99
0.66
0.44
0.72
1.16
0.46
0.73
0.78
0.72
0.80
0.57
0.80
0.52
0.72
0.82
0.63
0.86
0.74
0.61
0.57
0.64
0.56
0.51
0.82
0.54
0.79
0.73
0.69
0.58
1.03
0.89
0.86
0.63
0.72
0.74
0.87
0.70
0.41
0.56
1.04
0.71
0.76
0.84
0.83
0.81
0.86
0.72
0.56
0.73
0.59
0.61
0.68
0.96
0.65
0.72
0.84
0.72
0.88
1.16
0.54
0.90
0.68
1.41
1.24
0.93
0.68
0.79
0.77
0.76
0.56
0.59
0.95
0.94
0.78
0.89
0.78
0.54
0.68
0.60
0.64
0.56
1.13
0.71
1.19
0.88
0.49
0.52
0.84
0.27
0.75
0.90
0.63
0.64
0.68
0.59
0.48
0.42
0.69
0.57
0.67
0.23
0.16
0.19
0.22
0.18
0.19
0.12
0.27
0.17
0.17
0.14
0.10
0.15
0.14
0.13
0.19
0.20
0.14
0.14
0.33
0.17
0.15
0.16
0.20
0.14
0.15
0.15
0.16
0.12
0.14
0.14
0.20
0.17
0.17
0.66
0.18
0.17
0.12
0.18
0.18
1.06
0.15
0.19
0.12
0.13
0.68
0.43
2.18
1.83
1.96
2.45
2.37
1.60
1.91
2.48
2.80
2.79
1.57
1.53
1.73
1.75
2.00
2.17
1.87
1.45
1.59
1.76
1.69
2.21
1.85
2.44
1.28
2.45
1.59
1.96
2.73
2.02
2.43
3.05
2.19
2.13
2.12
2.08
2.11
2.18
1.96
1.72
1.82
1.81
1.58
2.06
1.79
1.59
2.52
2.83
1.97
1.99
2.05
1.70
1.92
1.75
1.83
1.85
2.77
1.54
3.46
6.12
4.22
2.40
0.22
0.21
0.24
0.23
0.72
0.34
0.32
0.22
0.39
0.30
0.31
0.25
0.39
0.36
5.20
0.43
3.51
1.95
0.00
0.00
0.00
0.00
0.00
0.00
0.00
0.00
0.00
0.00
0.00
0.00
0.00
0.00
0.00
0.00
0.00
0.00
0.00
0.00
0.00
0.00
0.26
0.41
0.42
0.42
0.36
0.38
0.67
0.39
0.83
0.38
0.74
0.86
1.57
0.76
0.07
0.10
0.07
0.16
0.04
0.22
0.14
0.01
0.01
0.00
0.01
0.10
0.00
0.03
0.14
0.76
0.16
0.02
0.07
0.04
0.04
0.05
0.04
0.03
0.04
0.01
0.04
0.02
0.02
0.02
0.02
0.04
0.07
0.10
0.03
0.05
0.05
0.01
0.01
0.03
0.02
0.00
0.01
0.01
0.04
0.06
0.04
0.03
0.09
0.02
0.03
0.03
0.02
0.02
0.02
0.01
0.01
0.00
0.00
0.00
0.01
0.00
0.03
0.02
0.05
0.03
0.01
0.01
0.02
0.02
0.02
0.01
0.02
0.04
0.20
0.02
0.16
0.04
0.11
0.14
0.22
0.08
0.02
0.01
0.00
0.00
0.00
0.01
0.01
0.03
0.03
0.04
0.02
0.03
0.04
0.05
0.49
0.14
0.01
0.23
0.63
0.23
0.39
2.16
0.77
0.68
1.11
0.54
0.29
0.07
0.02
0.05
0.07
0.09
0.10
0.07
0.01
0.48
0.97
1.23
0.72
1.40
0.17
0.12
0.07
0.16
0.14
2.12
0.07
0.22
0.22
0.10
0.09
0.09
0.16
0.23
0.09
0.62
1.18
1.73
0.45
0.24
1.44
0.40
1.45
0.32
0.24
1.17
0.17
0.08
0.30
0.88
0.68
0.80
1.72
0.71
0.53
0.13
0.14
0.15
0.28
0.14
0.15
0.18
0.16
0.52
0.15
0.14
0.11
0.12
0.23
0.81
0.55
0.14
1.31
0.15
0.15
0.12
0.17
0.62
0.35
0.61
0.61
0.72
0.11
0.52
0.56
0.20
0.69
0.13
0.21
0.72
0.15
0.55
0.12
0.20
1.09
0.72
0.16
0.77
1.00
0.76
0.17
0.03
0.03
0.05
0.05
0.44
0.56
0.38
0.51
0.33
0.28
0.41
0.36
1.28
0.72
0.69
0.42
0.60
0.34
0.92
0.25
0.52
1.03
0.35
0.38
0.69
0.40
0.34
0.41
0.59
0.75
0.66
0.76
0.72
0.55
0.61
0.35
0.89
0.57
1.01
0.54
0.72
0.55
0.36
0.74
0.78
0.61
0.55
1.26
0.27
0.95
1.32
0.69
0.27
0.70
0.40
0.37
0.32
0.74
0.36
0.36
0.28
0.76
0.29
1.21
0.33
0.59
0.67
0.44
0.27
0.70
0.32
0.46
0.46
0.36
1.22
0.53
0.80
0.25
0.69
0.35
0.26
0.33
0.39
0.28
0.30
0.40
0.56
0.29
0.45
0.36
0.21
0.28
0.27
0.29
0.21
0.40
0.26
0.37
0.63
0.66
0.37
0.46
0.33
0.67
0.44
0.55
0.73
0.68
0.28
0.34
0.32
0.29
0.77
1.11
0.75
0.97
0.59
0.56
0.76
0.28
0.67
0.61
0.92
0.32
0.61
0.46
0.52
0.48
0.71
1.15
0.43
0.37
0.29
0.31
0.48
0.39
2.36
0.00
0.00
0.00
0.00
0.00
0.00
0.00
0.00
0.00
0.00
0.00
0.00
0.00
0.00
0.00
0.00
0.00
0.00
0.00
0.00
0.00
0.00
0.00
0.00
0.00
0.00
0.00
0.00
0.00
0.00
0.00
0.00
0.00
0.00
0.00
0.00
0.00
0.00
0.00
0.00
0.00
0.00
0.00
0.00
0.00
0.00
0.00
0.00
0.00
0.00
0.00
0.00
0.00
0.00
0.00
0.00
0.00
0.00
0.00
0.00
0.00
0.00
0.00
0.00
0.00
0.00
0.00
0.00
0.00
0.00
0.00
0.00
0.00
0.00
0.00
0.00
0.00
0.00
0.00
0.00
0.00
0.00
0.00
0.00
0.00
0.00
0.00
0.00
0.00
0.00
0.00
0.00
0.00
0.00
0.00
0.00
0.00
0.00
0.00
0.00
0.00
0.00
0.00
0.00
0.00
0.00
0.00
0.00
0.00
0.00
0.00
0.00
0.00
0.00
0.00
0.00
0.00
0.00
0.00
0.00
0.00
0.00
0.00
0.00
0.00
0.00
0.00
0.00
0.00
2.31
0.00
0.00
0.00
0.00
0.00
0.00
0.00
0.00
0.00
0.00
0.00
0.00
0.00
0.00
0.00
0.00
0.00
0.00
0.00
0.00
0.00
0.00
0.00
0.00
0.00
0.00
0.00
0.00
0.00
0.00
0.00
0.00
0.00
0.00
0.00
0.00
0.00
0.00
0.00
0.00
0.00
0.00
0.00
0.00
0.00
0.00
0.00
0.00
0.00
0.00
0.00
0.00
0.00
0.00
0.00
0.00
0.00
0.00
0.00
0.00
0.00
0.00
0.00
0.00
0.00
0.00
0.00
0.00
0.00
0.00
0.00
0.00
0.00
0.00
0.00
0.00
0.00
0.00
1.81
0.00
0.00
0.00
0.00
0.00
0.00
0.00
0.00
0.00
0.00
0.00
0.00
0.00
0.00
0.00
0.00
0.00
0.00
0.00
0.00
0.00
0.00
0.00
0.00
0.00
0.00
0.00
0.00
0.00
0.00
0.00
0.00
0.00
0.00
0.00
0.00
0.00
0.00
0.00
0.00
0.00
0.00
0.00
0.00
0.00
0.00
0.00
0.00
0.00
0.00
0.00
0.00
0.00
0.00
0.00
0.00
0.18
0.00
0.00
0.00
0.00
0.00
0.00
0.37
0.00
2.31
0.46
0.00
0.00
0.00
0.00
0.00
0.00
0.00
0.00
0.00
0.00
0.00
0.00
2.02
0.00
0.00
1.59
0.66
0.00
0.00
0.00
0.00
0.00
0.00
0.47
0.00
0.00
0.00
0.00
0.00
0.00
0.00
0.00
0.00
0.00
0.00
0.00
0.00
0.00
0.00
0.00
0.64
0.51
0.00
0.00
0.00
0.00
0.00
0.00
0.00
0.00
0.00
0.00
0.00
0.00
0.00
0.00
0.00
0.00
0.00
0.00
0.00
0.00
0.00
0.00
0.01
0.00
0.01
0.00
0.00
0.00
0.00
0.00
0.00
0.00
0.00
0.00
0.00
1.70
0.00
0.00
0.00
0.00
0.00
0.00
0.00
0.00
0.00
0.00
0.00
0.00
0.00
0.00
0.00
0.00
0.00
0.00
0.00
0.00
0.00
0.00
0.00
0.00
0.00
0.00
0.00
0.00
0.00
0.00
0.00
0.00
0.00
0.00
0.00
0.00
0.00
0.00
0.00
0.00
0.44
0.00
0.00
0.00
0.00
0.00
0.00
0.00
0.00
0.00
0.00
0.00
0.00
0.00
0.00
0.00
0.00
0.00
0.00
0.00
0.00
1.81
0.00
0.00
0.00
0.00
0.00
0.00
0.00
0.00
0.00
0.00
0.00
0.00
0.00
0.00
0.00
0.00
0.00
0.00
0.00
0.00
0.00
0.00
0.00
0.00
0.00
0.00
0.00
0.00
0.00
0.00
0.00
0.00
0.00
0.00
0.00
0.00
0.00
0.00
0.00
0.00
0.00
0.00
0.00
0.00
0.00
0.00
0.00
0.00
0.00
0.00
0.00
0.00
0.00
0.00
0.00
0.00
0.00
0.00
0.00
0.00
0.00
0.00
0.00
0.00
0.00
0.00
0.00
0.00
0.00
0.00
0.00
0.00
0.00
0.00
0.00
0.00
0.00
0.00
0.00
0.00
0.00
0.00
0.00
0.00
0.00
0.00
0.00
0.00
0.00
0.00
0.00
0.00
0.00
0.00
0.00
0.00
0.00
0.00
0.00
0.05
0.03
0.03
0.05
0.04
0.03
0.00
0.00
0.00
0.01
0.00
0.00
0.00
0.00
0.00
0.00
0.00
0.00
0.00
0.00
0.00
0.00
0.00
0.00
0.00
0.00
0.01
0.00
0.00
0.01
0.01
0.02
0.02
0.01
0.01
0.00
0.00
0.00
0.00
0.00
0.00
0.00
0.01
0.00
0.00
0.00
0.00
0.00
0.00
0.00
0.00
0.00
0.00
0.00
0.00
0.00
0.00
0.00
0.00
0.00
0.00
0.00
0.00
0.00
0.00
0.00
0.00
0.00
0.00
0.00
0.00
0.00
0.00
0.00
0.00
0.00
0.00
0.00
0.00
0.00
0.00
0.00
0.00
0.00
0.00
0.00
0.00
0.00
0.00
0.00
0.00
0.00
0.00
0.00
0.00
0.00
0.00
0.00
0.00
0.00
0.00
0.00
0.00
0.00
0.00
0.00
0.00
0.00
0.00
0.00
0.00
0.00
0.00
0.00
0.00
0.00
0.00
0.00
0.00
0.00
0.00
0.00
0.00
0.00
0.00
0.00
0.00
0.00
0.00
0.00
0.00
0.00
0.00
0.00
0.00
0.00
0.00
0.00
0.00
0.00
0.00
0.00
0.00
0.00
0.00
0.00
0.00
0.00
0.00
0.00
0.00
0.00
0.00
0.00
0.00
0.00
0.00
0.00
0.00
0.00
0.00
0.00
0.00
0.00
0.00
0.00
0.00
0.00
0.00
0.00
0.00
0.00
0.00
0.00
0.00
0.00
0.00
0.00
0.00
0.00
0.00
0.00
0.00
0.00
0.00
0.00
0.00
0.00
0.00
0.00
0.00
0.00
0.00
0.00
0.00
0.00
0.00
0.00
0.00
0.00
0.00
0.00
0.00
0.00
0.00
0.00
0.03
0.03
0.06
0.04
0.00
0.00
0.00
0.00
0.00
0.00
0.00
0.00
0.00
0.00
0.00
0.00
0.04
0.04
0.06
0.06
0.04
0.05
0.07
0.05
0.04
0.05
0.06
0.07
0.00
0.00
0.00
0.00
0.00
0.00
0.00
0.00
0.00
0.00
0.00
0.00
0.00
0.00
0.00
0.00
0.00
0.00
0.00
0.00
0.00
0.00
0.00
0.00
0.00
0.00
0.00
0.00
0.00
0.00
0.00
0.00
0.00
0.00
0.00
0.00
0.00
0.00
0.00
0.00
0.00
0.00
0.00
0.00
0.00
0.00
0.00
0.00
0.00
0.00
0.00
0.00
0.00
0.00
0.00
0.00
0.00
0.00
0.00
0.00
0.00
0.00
0.00
0.00
0.00
0.00
0.00
0.00
0.00
0.00
0.00
0.00
0.00
0.00
0.00
0.00
0.00
0.00
0.00
0.00
0.00
0.00
0.00
0.00
0.00
0.00
0.00
0.00
0.00
0.00
0.00
0.00
0.00
0.00
0.00
0.00
0.00
0.00
0.00
0.00
0.00
0.00
0.00
0.00
0.00
0.00
0.00
0.00
0.00
0.00
0.00
0.00
0.00
0.00
0.00
0.00
0.00
0.00
0.00
0.00
0.00
0.00
0.00
0.00
0.00
0.00
0.00
0.00
0.00
0.00
0.00
0.00
0.00
0.00
0.00
0.00
0.00
0.00
0.00
0.00
0.00
0.00
0.00
0.00
0.00
0.00
0.00
0.00
0.00
0.00
0.00
0.00
0.00
0.00
0.00
0.00
0.00
0.00
0.00
0.00
0.00
0.00
0.00
0.00
0.00
0.00
0.00
0.00
0.00
0.00
0.00
0.00
0.00
0.00
0.00
0.00
0.00
0.00
0.00
0.00
0.00
0.00
0.00
0.00
0.00
0.00
0.00
0.00
0.00
0.00
0.00
0.00
0.00
0.00
0.00
0.00
0.00
0.00
0.00
0.00
0.00
0.00
0.00
0.00
0.00
0.00
0.00
0.00
0.00
0.00
0.00
0.00
0.00
0.00
0.00
0.00
0.00
0.00
0.00
0.00
0.00
0.00
0.00
0.00
0.00
0.00
0.00
0.00
0.00
0.00
0.00
0.00
0.00
0.00
0.00
0.00
0.00
0.00
0.00
0.00
0.00
0.00
0.00
0.00
0.00
0.00
0.00
0.00
0.00
0.00
0.00
0.00
0.00
0.00
0.00
0.00
0.00
0.00
0.00
0.00
0.00
0.00
0.00
0.00
0.00
0.00
0.00
0.00
0.00
0.00
0.00
0.00
0.00
0.00
0.00
0.00
0.00
0.00
0.00
0.00
0.00
0.00
0.00
0.00
0.00
0.00
0.00
0.00
0.00
0.00
0.00
0.00
0.00
0.00
0.00
0.00
0.00
0.00
0.00
0.00
0.00
0.00
0.00
0.00
0.00
0.00
0.00
0.00
0.00
0.00
0.00
0.00
0.00
0.00
0.00
0.00
0.00
0.00
0.00
0.00
0.00
0.00
0.00
0.00
0.00
0.00
0.00
0.00
0.00
0.00
0.00
0.00
0.00
0.00
0.00
0.00
0.00
0.00
0.00
0.00
0.00
0.00
0.00
0.00
0.00
0.00
0.00
0.00
0.00
0.00
0.00
0.00
0.00
0.00
0.00
0.00
0.00
0.00
0.00
0.00
0.00
0.00
0.00
0.00
0.00
0.00
0.00
0.00
0.00
0.00
0.00
0.00
0.00
0.00
0.00
0.00
0.00
0.00
0.00
0.00
0.00
0.00
0.00
0.00
0.00
0.00
0.00
0.00
0.00
0.00
0.00
0.00
0.00
0.00
0.00
0.00
0.00
0.00
0.00
0.00
0.00
0.00
0.00
0.00
0.00
0.00
0.00
0.00
0.00
0.00
0.00
0.00
0.00
0.00
0.00
0.00
0.00
0.00
0.00
0.00
0.00
0.00
0.00
0.00
0.00
0.00
0.00
0.00
0.00
0.00
0.00
0.00
0.00
0.00
0.00
0.00
0.00
0.00
0.00
0.00
0.00
0.00
0.00
0.00
0.00
0.00
0.00
0.00
0.00
0.00
0.00
0.00
0.00
0.00
0.00
0.00
0.00
0.00
0.00
0.00
0.00
0.00
0.00
0.00
0.00
0.00
0.00
0.00
0.00
0.00
0.00
0.00
0.00
0.00
0.00
0.00
0.00
0.00
0.00
0.00
0.00
0.00
0.00
0.00
0.00
0.00
0.00
0.00
0.00
0.00
0.00
0.00
0.00
0.00
0.00
0.00
0.00
0.00
0.00
0.00
0.00
0.00
0.00
0.00
0.00
0.00
0.00
0.00
0.00
0.00
0.00
0.00
0.00
0.00
0.00
0.00
0.00
0.00
0.00
0.00
0.00
0.00
0.00
0.00
0.00
0.00
0.00
0.00
0.00
0.00
0.00
0.00
0.00
0.00
0.00
0.00
0.00
0.00
0.00
0.00
0.00
0.00
0.00
0.00
0.00
0.00
0.00
0.00
0.00
0.00
0.00
0.00
0.00
0.00
0.00
0.00
0.00
0.00
0.00
0.00
0.00
0.00
0.00
0.00
0.00
0.00
0.00
0.00
0.00
0.00
0.00
0.00
0.00
0.00
0.00
0.00
0.00
0.00
0.00
0.00
0.00
0.00
0.00
0.00
0.00
0.00
0.00
0.00
0.00
0.00
0.00
0.01
0.01
0.00
0.00
0.01
0.00
0.00
0.01
0.01
0.01
0.01
0.01
0.01
0.01
0.01
0.01
0.01
0.01
0.00
0.01
0.01
0.00
0.00
0.01
0.02
0.01
0.00
0.01
0.01
0.01
0.01
0.00
0.00
0.01
0.01
0.00
0.00
0.00
0.00
0.00
0.00
0.00
0.00
0.00
0.01
0.01
0.00
0.01
0.01
0.00
0.00
0.00
0.00
0.01
0.01
0.01
0.01
0.01
0.01
0.01
0.00
0.00
0.02
0.05
0.02
0.00
0.01
0.00
0.00
0.00
0.00
0.01
0.01
0.00
0.00
0.00
0.00
0.01
0.01
0.01
0.00
0.00
0.01
0.01
0.02
0.00
0.00
0.00
0.00
0.00
0.00
0.00
0.01
0.00
0.01
0.01
0.00
0.00
0.00
0.00
0.00
0.01
0.01
0.01
0.01
0.02
0.01
0.01
0.01
0.01
0.01
0.00
0.01
0.00
0.01
0.01
0.01
0.02
0.02
0.00
0.00
0.01
0.01
0.00
0.01
0.00
0.00
0.01
0.00
0.00
0.00
0.00
0.00
0.01
0.01
0.01
0.00
0.00
0.00
0.01
0.01
0.01
0.01
0.02
0.01
0.01
0.01
0.01
0.01
0.06
0.02
0.02
0.00
0.00
0.00
0.00
0.00
0.01
0.00
0.02
0.00
0.01
0.00
0.01
0.01
0.01
0.01
0.01
0.02
0.01
0.00
0.02
0.01
0.00
0.01
0.01
0.01
0.02
0.01
0.00
0.01
0.01
0.01
0.00
0.00
0.00
0.00
0.01
0.01
0.01
0.00
0.01
0.01
0.01
0.01
0.01
0.01
0.02
0.01
0.00
0.01
0.01
0.00
0.00
0.00
0.00
0.00
0.00
0.00
0.00
0.00
0.00
0.00
0.00
0.00
0.00
0.00
0.00
0.01
0.00
0.01
0.00
0.00
0.00
0.01
0.00
0.01
0.01
0.01
0.01
0.01
0.01
0.00
0.00
0.00
0.00
0.01
0.01
0.02
0.01
0.00
0.00
0.01
0.01
0.01
0.01
0.00
0.01
0.01
0.01
0.01
0.01
0.00
0.01
0.02
0.01
0.00
0.01
0.00
0.00
0.00
0.00
0.00
0.00
0.00
0.01
0.02
0.02
0.01
0.00
0.01
0.01
0.01
0.00
0.00
0.00
0.06
0.06
0.05
0.03
0.04
0.10
0.04
0.05
0.06
0.00
0.00
0.01
0.01
0.01
0.01
0.00
0.00
0.00
0.00
0.01
0.00
0.00
0.00
0.00
0.00
0.00
0.01
0.00
0.00
0.01
0.02
0.01
0.00
0.00
0.00
0.01
0.01
0.01
0.01
0.01
0.01
0.00
0.01
0.01
0.01
0.01
0.00
0.01
0.01
0.00
0.00
0.01
0.01
0.01
0.01
0.00
0.01
0.01
0.00
0.01
0.00
0.01
0.01
0.00
0.00
0.00
0.00
0.00
0.02
0.01
0.00
0.00
0.00
0.00
0.00
0.02
0.00
0.00
0.00
0.01
0.00
0.01
0.01
0.02
0.01
0.01
0.01
0.01
0.01
0.04
0.00
0.02
0.01
0.01
0.01
0.00
0.02
0.01
0.02
0.02
0.02
0.01
0.01
0.01
0.01
0.01
0.01
0.01
0.01
0.02
0.01
0.01
0.01
0.01
0.01
0.01
0.03
0.01
0.02
0.02
0.01
0.00
0.00
0.01
0.02
0.02
0.02
0.01
0.01
0.02
0.01
0.01
0.01
0.01
0.01
0.03
0.04
0.03
0.02
0.01
0.01
0.01
0.04
0.02
0.03
0.03
0.01
0.03
0.02
0.01
0.01
0.03
0.01
0.01
0.01
0.01
0.01
0.01
0.02
0.01
0.02
0.02
0.01
0.02
0.02
0.01
0.01
0.01
0.01
0.02
0.01
0.01
0.01
0.02
0.02
0.02
0.02
0.04
0.02
0.02
0.04
0.04
0.04
0.04
0.02
0.02
0.03
0.04
0.03
0.02
0.01
0.01
0.01
0.01
0.02
0.02
0.02
0.01
0.01
0.01
0.02
0.02
0.01
0.01
0.01
0.03
0.03
0.01
0.02
0.02
0.02
0.03
0.05
0.02
0.01
0.01
0.00
0.01
0.00
0.01
0.00
0.04
0.00
0.00
0.01
0.01
0.01
0.02
0.01
0.02
0.02
0.01
0.01
0.01
0.01
0.01
0.02
0.02
0.01
0.01
0.00
0.01
0.01
0.01
0.01
0.00
0.01
0.02
0.02
0.02
0.02
0.01
0.00
0.00
0.00
0.00
0.01
0.01
0.01
0.01
0.01
0.01
0.01
0.01
0.00
0.00
0.02
0.01
0.00
0.01
0.01
0.01
0.01
0.00
0.01
0.01
0.02
0.00
0.01
0.01
0.01
0.02
0.01
0.02
0.01
0.02
0.05
0.02
0.02
0.02
0.01
0.01
0.02
0.01
0.02
0.03
0.01
0.01
0.01
0.03
0.01
0.01
0.02
0.02
0.02
0.02
0.03
0.02
0.03
0.01
0.03
0.01
0.01
0.01
0.01
0.01
0.02
0.02
0.02
0.02
0.02
0.01
0.00
0.01
0.01
0.03
0.00
0.01
0.01
0.02
0.01
0.00
0.01
0.01
0.01
0.01
0.01
0.02
0.01
0.01
0.02
0.01
0.01
0.02
0.01
0.01
0.01
0.01
0.01
0.01
0.01
0.02
0.02
0.02
0.03
0.01
0.01
0.02
0.02
0.01
0.00
0.01
0.01
0.01
0.01
0.01
0.01
0.01
0.02
0.01
0.01
0.01
0.01
0.02
0.01
0.02
0.01
0.02
0.00
0.00
0.02
0.02
0.03
0.01
0.01
0.01
0.04
0.01
0.01
0.01
0.01
0.02
0.01
0.01
0.02
0.01
0.02
0.04
0.01
0.02
0.02
0.02
0.02
0.01
0.01
0.02
0.02
0.03
0.01
0.02
0.03
0.01
0.01
0.02
0.01
0.01
0.02
0.01
0.01
0.03
0.02
0.03
0.02
0.02
0.01
0.03
0.01
0.01
0.01
0.03
0.02
0.01
0.02
0.02
0.02
0.02
0.01
0.02
0.01
0.02
0.02
0.02
0.01
0.01
0.02
0.01
0.01
0.01
0.01
0.01
0.02
0.01
0.01
0.02
0.02
0.01
0.04
0.04
0.01
0.01
0.03
0.01
0.02
0.01
0.03
0.02
0.00
0.01
0.01
0.01
0.01
0.02
0.01
0.04
0.02
0.01
0.03
0.02
0.01
0.00
0.01
0.01
0.01
0.02
0.02
0.01
0.02
0.02
0.01
0.01
0.01
0.01
0.01
0.01
0.02
0.01
0.02
0.01
0.01
0.01
0.03
0.01
0.02
0.02
0.01
0.01
0.02
0.03
0.01
0.02
0.02
0.02
0.01
0.02
0.03
0.02
0.02
0.00
0.00
0.00
0.00
0.01
0.01
0.00
0.02
0.01
0.01
0.01
0.01
0.00
0.01
0.01
0.01
0.00
0.00
0.01
0.01
0.00
0.02
0.02
0.01
0.02
0.03
0.02
0.03
0.01
0.02
0.02
0.02
0.03
0.00
0.02
0.01
0.01
0.02
0.02
0.01
0.01
0.02
0.02
0.01
0.02
0.01
0.02
0.01
0.00
0.02
0.01
0.01
0.01
0.00
0.02
0.02
0.02
0.01
0.01
0.01
0.03
0.01
0.02
0.01
0.01
0.01
0.02
0.01
0.01
0.02
0.02
0.02
0.01
0.02
0.02
0.01
0.01
0.02
0.01
0.04
0.04
0.01
0.02
0.01
0.01
0.02
0.02
0.02
0.01
0.02
0.02
0.00
0.01
0.02
0.01
0.01
0.02
0.02
0.00
0.01
0.00
0.02
0.00
0.02
0.00
0.01
0.02
0.03
0.01
0.01
0.02
0.01
0.02
0.02
0.01
0.01
0.02
0.01
0.01
0.01
0.02
0.02
0.01
0.01
0.00
0.00
0.01
0.01
0.00
0.03
0.01
0.01
0.03
0.02
0.01
0.01
0.01
0.03
0.01
0.01
0.01
0.01
0.01
0.01
0.01
0.01
0.01
0.01
0.01
0.01
0.03
0.01
0.01
0.00
0.01
0.01
0.01
0.01
0.00
0.02
0.00
0.00
0.01
0.01
0.01
0.01
0.01
0.01
0.01
0.01
0.02
0.01
0.01
0.02
0.02
0.02
0.01
0.01
0.01
0.00
0.01
0.00
0.00
0.03
0.01
0.01
0.01
0.01
0.00
0.03
0.01
0.01
0.01
0.02
0.01
0.00
0.01
0.00
0.00
0.00
0.00
0.03
0.03
0.01
0.02
0.01
0.00
0.02
0.02
0.01
0.02
0.02
0.01
0.01
0.00
0.00
0.01
0.03
0.02
0.03
0.02
0.01
0.01
0.02
0.01
0.01
0.02
0.02
0.02
0.03
0.01
