5.49	7496
0.69	5632
0.22	5324
0.19	4840
0.13	4912
0.20	5252
0.18	5072
0.15	4848
0.17	5076
0.23	5304
0.14	5176
0.14	5200
0.10	5144
0.10	4904
0.11	5152
0.26	5240
0.19	5244
1.79	6352
1.79	6624
1.70	6420
1.70	6156
1.70	6240
1.73	6300
1.78	6432
1.71	6256
1.76	6496
1.78	6432
1.74	6248
1.72	6248
1.79	6536
1.74	6144
1.83	6424
1.79	6368
1.81	6428
1.76	6628
1.69	6388
1.73	6444
1.76	6332
1.70	6280
1.77	6540
1.77	6548
2.05	6800
1.85	6456
1.60	6216
1.76	6328
1.99	6604
1.85	6388
1.97	6672
1.96	6708
1.81	6504
1.76	6420
1.75	6240
1.66	6340
1.60	6192
1.58	6108
1.91	6384
1.94	6104
1.94	6388
1.65	6348
1.94	6360
1.95	6660
1.62	6236
1.87	6228
1.71	6112
1.79	6528
1.41	5980
1.59	6292
1.67	6440
1.68	6348
1.82	6560
1.94	6624
1.95	6632
1.70	6388
1.82	6164
1.66	6180
1.77	6176
1.72	6316
1.91	6432
1.67	6288
1.83	6120
1.83	6352
1.74	6520
1.97	6412
1.83	6224
1.97	6504
1.98	6532
1.96	6552
1.98	6472
1.99	6496
2.29	6392
1.93	6320
1.79	6324
1.96	6300
2.00	6536
1.80	6568
1.68	6304
1.92	6680
1.87	6440
1.84	6560
1.83	6512
1.97	6572
1.77	6172
1.92	6524
1.94	6496
1.94	6508
1.68	6252
1.80	6276
1.72	6324
1.62	6208
1.61	6352
1.80	6444
1.81	6220
1.90	6264
1.89	6472
1.83	6568
1.65	6352
1.78	6432
1.80	6372
1.85	6628
1.87	6496
1.79	6472
1.96	6452
1.74	6376
1.73	6356
1.72	6328
1.82	6480
1.83	6404
1.68	6292
1.63	6376
1.66	6428
1.86	6560
1.82	6524
1.81	6260
1.93	6376
1.80	6472
1.82	6176
1.71	6116
1.66	6440
1.56	6436
1.81	6608
1.87	6256
1.76	6528
1.88	6288
1.92	6268
1.88	6320
2.05	6672
2.05	6708
1.79	6436
1.84	6572
1.56	6284
1.73	6060
1.82	6560
1.70	6484
2.05	6736
2.05	6804
1.88	6576
1.71	6540
1.80	6708
1.95	6488
1.95	6420
1.95	6516
1.65	6288
1.76	6240
1.92	6456
1.72	6184
1.80	6432
1.28	5740
1.84	6464
1.95	6496
1.91	6428
1.89	6592
1.81	6312
1.70	6344
1.90	6488
1.92	6496
1.70	6452
1.75	6116
1.67	6204
1.83	6320
1.93	6420
1.60	6352
1.83	6280
1.84	6232
1.70	6228
1.91	6476
1.78	6576
1.94	6640
1.88	6500
1.92	6316
1.95	6332
1.88	6304
1.90	6660
1.94	6648
1.89	6580
1.91	6704
1.94	6572
1.72	6412
1.77	6500
1.88	6580
1.92	6412
1.89	6584
1.90	6700
1.78	6616
1.93	6576
1.89	6636
1.78	6664
1.90	6740
1.81	6416
1.82	6344
1.88	6576
1.82	6372
1.75	6332
1.94	6588
1.94	6732
1.89	6692
1.30	6012
1.91	6608
1.93	6300
1.23	6024
1.92	6352
1.95	6748
1.81	6576
1.97	6584
1.94	6624
1.98	6656
1.91	6576
1.95	6596
1.84	6448
1.82	6652
1.82	6440
1.86	6556
1.83	6636
1.90	6520
1.94	6624
1.77	6424
1.77	6364
1.76	6580
1.94	6720
1.96	6680
1.98	6388
1.95	6592
1.86	6716
1.86	6808
1.69	6144
1.69	5932
1.94	6396
1.92	6364
1.93	6456
1.69	6416
1.68	6304
1.70	6404
1.69	6220
1.77	6492
1.82	6496
1.83	6460
1.97	6644
1.72	6120
1.78	6248
1.76	6008
1.78	6300
1.85	6140
1.84	6368
1.76	6272
1.78	6316
1.73	6320
1.77	6072
1.81	6108
1.74	5960
1.93	6380
1.75	6464
1.83	6556
1.76	6492
1.73	5964
1.83	6252
1.83	6480
1.76	6220
1.86	6192
1.83	6040
1.88	6156
1.61	6400
1.77	6172
1.82	5984
1.74	6456
4.55	7724
2.67	6780
2.64	6740
2.59	6808
2.84	6772
2.73	6420
2.74	6704
3.05	6672
2.54	6608
2.77	6692
2.71	6776
2.86	6836
2.52	6460
2.22	6532
2.57	6704
2.28	6524
3.18	6992
2.55	6616
2.78	6580
3.35	6732
2.70	6716
2.68	6636
2.70	6544
2.59	6608
2.59	6612
2.68	6796
2.67	6684
2.46	6696
2.78	6768
2.73	6776
2.79	6756
2.76	6564
2.78	6912
2.79	6616
2.60	6656
2.82	6796
3.44	7172
2.89	6616
3.09	6920
3.14	6836
2.68	6624
2.81	6656
2.77	6912
2.74	6836
1.73	6704
2.79	6868
2.82	6568
2.76	6828
2.71	6788
2.79	6740
2.64	6620
2.75	6888
2.70	6808
2.87	7104
2.76	6816
2.85	6972
2.91	6788
4.19	7852
2.79	6668
2.52	6532
2.70	6868
2.87	7216
2.74	6808
2.84	6760
2.68	6868
3.35	7192
3.50	7096
2.58	6712
2.57	6708
2.78	6880
2.90	7080
2.67	6848
2.67	6632
2.70	6596
2.71	6876
2.78	6968
2.71	6912
2.84	6812
2.85	6860
3.79	7148
4.07	7040
2.73	6768
2.67	6756
2.85	6572
3.66	7036
4.23	7176
3.97	7248
2.65	6700
2.58	6700
2.68	6796
2.89	7088
2.88	7208
2.58	6508
2.80	6836
2.78	6848
2.73	6520
2.84	6652
2.80	6712
2.56	6700
2.69	6804
2.68	6688
2.77	6800
2.76	6768
4.35	7868
2.54	6700
4.63	7952
2.75	6668
2.08	6216
2.80	6480
2.72	6864
1.58	6004
3.20	7120
2.84	6884
2.67	6672
2.68	6748
2.68	6524
2.73	6800
2.66	6648
1.29	5896
2.73	6916
2.73	7048
2.74	6964
0.58	5572
0.53	5604
0.58	5412
0.54	5392
0.62	5308
0.56	5552
0.41	5468
1.24	5856
0.57	5416
0.60	5352
0.58	5268
0.53	5172
0.59	5608
0.56	5572
0.56	5612
0.53	5500
0.53	5500
0.55	5556
0.57	5516
0.59	5620
0.59	5604
0.58	5248
0.61	5284
0.60	5508
0.57	5412
0.59	5596
0.57	5280
0.59	5504
0.59	5256
0.56	5492
0.56	5520
0.58	5456
0.57	5580
0.55	5388
2.94	6916
0.60	5428
0.55	5420
0.61	5548
0.61	5448
0.55	5520
3.35	6804
0.55	5380
0.57	5560
0.57	5580
0.55	5636
3.18	7212
1.81	6344
7.08	9932
7.09	9868
7.07	9660
8.04	10876
7.43	9932
7.37	10068
7.09	9384
6.88	9364
7.20	9684
7.43	9276
7.31	9824
7.29	9712
7.87	10000
7.33	9964
7.21	9776
7.10	9220
6.99	9376
7.05	9280
7.04	9420
7.31	9820
7.23	9284
7.47	9328
7.18	9348
7.11	9864
7.09	9868
7.27	9912
7.15	9636
7.06	9276
7.15	9420
7.68	9628
7.28	10104
7.51	9740
7.25	9724
7.24	9928
7.41	9656
7.55	9372
8.79	10700
8.61	10744
7.38	9476
7.20	9672
7.18	9560
7.41	9996
6.58	9500
6.93	9320
6.47	9008
6.11	8796
8.98	11044
7.45	9612
7.53	9728
7.92	10628
7.70	10152
7.28	10772
7.03	9204
7.11	9000
6.84	8012
7.36	9832
11.28	12008
7.57	12132
11.03	12372
14.22	11632
18.26	12592
11.91	11480
0.87	5672
1.00	5704
0.97	5548
0.83	5648
2.85	6564
1.41	5796
1.66	6056
0.89	5688
1.28	5856
1.62	5896
1.07	5636
1.34	5876
1.80	6272
1.49	6032
16.45	11684
1.86	6144
10.93	11304
7.21	9524
0.00	4712
0.00	4808
0.00	4808
0.00	4952
0.00	4728
0.00	4512
0.00	4572
0.00	4908
0.00	4908
0.00	4532
0.00	4796
0.00	4672
0.00	4904
0.00	4904
0.00	4720
0.00	4516
0.00	4904
0.00	4868
0.01	4836
0.00	4856
0.01	4752
0.00	4836
0.69	5476
1.88	6772
1.74	6304
1.76	6264
1.78	6348
1.83	6268
1.85	6320
1.73	6772
2.58	6344
1.60	6208
1.99	6492
2.81	6780
6.52	8540
2.79	6908
0.33	5048
0.40	5360
0.35	5280
0.59	5620
0.26	5296
0.85	5488
0.88	5756
0.04	4916
0.09	5072
0.04	4864
0.03	4944
0.39	5416
0.04	4936
0.16	4972
0.86	5684
2.62	6224
0.65	5588
0.07	4780
0.22	5224
0.22	5204
0.22	4956
0.19	5256
0.22	5312
0.14	5020
0.13	5016
0.11	5208
0.13	5052
0.13	4992
0.12	5068
0.09	5016
0.09	5148
0.16	4884
0.17	5024
0.21	5180
0.16	4920
0.18	5072
0.23	4956
0.06	5040
0.06	4980
0.20	4964
0.06	4872
0.05	4860
0.04	4968
0.05	4940
0.19	5264
0.33	5308
0.16	5164
0.15	5008
0.19	5148
0.13	5172
0.10	4944
0.12	5152
0.13	5028
0.15	5132
0.10	5004
0.04	5012
0.03	4896
0.03	4832
0.03	4700
0.03	5068
0.08	4808
0.03	4688
0.14	5180
0.14	5064
0.24	5128
0.14	5176
0.11	4796
0.09	4904
0.12	4780
0.14	5008
0.12	5176
0.10	4800
0.14	5240
0.10	4960
1.05	5880
0.11	4772
0.78	5832
0.16	5208
0.47	5292
0.71	5780
0.96	5792
0.21	5268
0.14	4848
0.04	4964
0.03	5008
0.05	4800
0.04	5020
0.04	5024
0.09	5008
0.13	5168
0.13	5128
0.14	5064
0.14	5128
0.14	5108
0.12	5124
0.24	5008
1.57	5748
0.57	5544
0.05	4952
0.60	5584
2.64	6604
1.16	5720
1.86	6180
5.97	7732
3.05	6232
1.82	5876
3.91	6900
1.62	5980
1.28	5748
0.31	5264
0.10	5116
0.33	5308
0.25	4896
0.32	5124
0.35	5284
0.31	5132
0.08	5108
1.65	6000
2.64	6352
4.77	7876
3.08	6964
5.19	7780
0.49	5288
0.39	5228
0.28	5172
0.54	5572
0.46	5580
5.85	8052
0.32	5316
0.79	5720
1.12	5668
0.35	5320
0.46	5440
0.45	5440
0.46	5312
0.75	5552
0.38	5356
2.91	6528
3.89	6900
6.16	7728
1.94	6228
0.85	5704
6.42	8096
1.70	6232
5.07	7580
1.17	5780
0.75	5524
4.89	7656
0.74	5792
0.29	5252
0.63	5704
2.73	6840
2.73	6848
2.82	6936
5.34	8468
3.01	7096
2.06	6216
0.38	5300
0.61	5656
0.51	5480
0.58	5508
0.59	5296
0.54	5384
0.59	5284
0.55	5416
1.53	5832
0.59	5624
0.60	5640
0.56	5260
0.55	5556
1.13	5664
1.82	6144
1.68	6056
0.55	5616
3.28	7120
0.57	5276
0.60	5576
0.61	5268
0.56	5584
3.20	7172
1.02	5508
2.90	6420
1.82	6332
2.99	7124
0.57	5552
2.67	6600
1.72	6040
0.56	5500
1.90	6424
0.48	5448
1.22	5452
2.26	6036
0.56	5516
2.33	6136
0.61	5300
0.62	5228
3.27	7384
2.45	6148
0.56	5532
3.14	7264
2.36	6184
2.29	6120
0.82	5760
0.15	4860
0.20	5296
0.17	5020
0.18	5256
1.76	6516
1.82	6344
1.62	6252
1.89	6424
1.84	6340
1.36	6100
1.98	6408
1.75	6360
2.80	6800
2.85	6728
2.77	6648
1.42	5960
2.73	6756
1.58	5864
2.73	6772
1.43	6156
2.71	6904
2.79	6748
1.56	6120
1.31	5908
2.67	6968
1.45	6432
1.52	6044
1.62	6108
2.68	6660
2.68	6832
2.51	6608
2.65	6808
2.75	6756
2.77	6656
2.82	6768
1.54	6104
2.78	6876
2.79	6892
2.79	6828
2.59	6676
2.77	6588
2.77	6864
1.42	5976
2.76	6828
2.85	6796
2.77	6788
2.73	6520
2.75	6800
1.43	6036
2.77	6760
2.77	6708
1.77	6288
1.37	5820
2.75	6768
1.47	5928
1.56	5832
1.32	6036
2.77	6564
1.43	5980
1.22	5752
1.32	6120
2.78	6632
1.39	5896
2.77	6672
1.34	5824
2.75	6692
2.70	7004
1.45	6292
1.36	6172
2.69	6904
1.35	6312
1.46	6020
1.40	6040
1.34	5864
2.78	6472
2.83	6660
2.77	6572
1.33	5812
2.71	6720
1.36	5864
1.38	5848
1.30	5660
1.30	5856
1.27	5836
1.26	5852
1.27	5644
2.67	6656
1.30	5836
1.33	5840
1.29	5704
1.26	5836
1.31	5624
1.20	5864
1.19	5636
1.22	5736
1.49	6108
1.28	5736
1.31	6008
2.76	6896
2.67	6736
1.34	6140
1.78	6180
1.43	6084
2.78	6720
1.51	6168
2.69	6840
2.77	6448
2.69	6872
1.36	6108
1.35	6356
1.15	5912
1.40	6004
2.74	6736
2.79	6812
2.96	7088
2.72	6672
2.66	6624
2.65	6508
2.77	6672
1.39	5924
2.82	6740
2.76	6828
2.84	6888
1.51	5812
2.76	6644
1.47	6104
2.84	6456
2.59	6652
2.76	6684
2.80	6772
1.63	5892
1.21	5936
1.43	5972
1.26	5864
1.30	5636
1.54	6256
7.05	9684
0.01	4964
0.01	4916
0.00	4916
0.00	4892
0.00	4808
0.01	4788
0.01	4684
0.00	4836
0.01	4872
0.01	4684
0.01	4880
0.00	4580
0.00	4804
0.01	4708
0.00	4664
0.01	4748
0.01	4808
0.01	4812
0.01	4764
0.01	4824
0.00	4924
0.01	4712
0.01	4700
0.01	4848
0.00	4708
0.01	4616
0.00	4864
0.00	4772
0.00	4588
0.00	4852
0.01	4904
0.00	4892
0.00	4748
0.01	4916
0.00	4564
0.00	4876
0.00	4552
0.00	4696
0.00	4792
0.01	4908
0.00	4720
0.00	4572
0.00	4960
0.01	4932
0.01	4856
0.01	4584
0.00	4860
0.00	4684
0.00	4936
0.01	4756
0.00	4804
0.00	4832
0.00	4672
0.00	4728
0.01	4808
0.00	4700
0.00	4920
0.00	4816
0.00	4828
0.01	4840
0.00	4532
0.01	4816
0.00	4860
0.00	4712
0.01	4896
0.00	4548
0.01	4904
0.00	4784
0.01	4572
0.00	4760
0.00	4524
0.00	4888
0.00	4868
0.00	4548
0.01	4904
0.00	4844
0.00	4484
0.01	4904
0.01	4808
0.01	4908
0.01	4788
0.00	4840
0.01	4948
0.01	4900
0.01	4944
0.01	4824
0.01	4564
0.01	4828
0.00	4732
0.00	4892
0.00	4736
0.00	4772
0.00	4928
0.01	4908
0.00	4716
0.01	4844
0.01	4792
0.00	4896
0.00	4856
0.01	4800
0.01	4844
0.00	4804
0.00	4688
0.00	4588
0.01	4852
0.01	4796
0.01	4568
0.00	4804
0.01	4900
0.01	4900
