4844
5008
4748
4880
5016
4868
5160
4792
5020
5100
4996
5088
4700
5060
4868
5080
4920
5068
4960
5076
5108
5044
5116
4964
5168
4896
5116
4768
5204
4976
5108
5044
5128
5092
5192
5076
5104
5056
4920
5052
5084
4872
5120
4980
5060
5124
5132
5016
5164
5172
4896
4776
4960
5028
5020
4908
4940
5108
5092
5056
5160
4776
4908
4924
5196
5060
5128
5048
5068
5092
5068
5128
4764
5008
4956
5044
4988
4712
4744
4952
4924
5012
4888
4884
5064
4884
5056
4884
5112
4972
4972
5064
4912
4716
4900
5108
5148
5048
5036
5124
4940
4880
5144
5056
5028
4940
5144
5068
5072
4796
5096
4988
4900
4972
4892
5048
4736
4932
4972
4944
4756
4876
5100
5044
5056
5032
5020
4984
5068
5008
4668
4888
5112
5008
4960
4668
4928
4768
4716
5128
4884
4780
5168
5104
4924
5076
4736
5036
4968
5044
4976
5128
5084
4800
4736
4920
4988
5028
4984
5040
4960
5000
5116
4920
4916
4964
5008
5048
5020
5020
4984
5064
4952
4984
4916
5080
5012
5188
5112
5096
5196
5208
5040
5196
5084
4896
4840
5076
5064
5144
4924
4692
5064
5012
5004
5152
4852
5016
4872
4972
5096
5012
5032
5004
4872
4840
5064
5224
4992
5044
5064
4972
5040
4856
4988
5004
5072
5108
5032
5048
5116
5112
5076
5008
4876
4996
5064
5108
4972
5040
5088
5068
5008
5076
4920
4980
4984
5052
5080
4980
4792
5156
5116
5012
4976
5220
4780
4688
5140
4888
4836
5144
5036
5036
5040
5140
5060
4908
5044
4736
4744
4980
5192
4980
5088
4912
5108
4944
4728
4840
5072
5008
4920
5096
4848
5124
4720
5112
4936
4760
5028
5088
4848
4888
5092
4900
5072
4928
5016
5052
5104
4988
4840
5048
5148
5140
4864
5108
5100
5160
5140
4976
4912
5188
5152
4832
5108
5144
4900
4976
5088
5092
5100
5060
5028
5056
4896
5176
4988
5184
5024
5100
5112
5036
4672
5084
5156
4692
5008
5092
4944
5020
5132
5032
4992
5116
4960
5056
4760
4892
5144
4868
5040
5016
4752
5156
4912
4880
4888
4896
5008
4912
4884
5036
5084
5048
4880
5096
4984
5044
4760
4992
4948
4888
5008
5112
4756
4748
5012
5080
5168
4992
5016
4840
4996
5016
5100
5040
4972
5080
5012
4892
4888
5088
4868
4924
4952
4724
5120
5000
5004
5028
4896
5000
4864
5008
4904
4916
5020
4868
4740
5032
5060
4924
5000
5176
4964
5020
4984
5084
5032
5044
5036
4832
4984
4740
4712
4948
4992
4856
5096
4920
4912
5112
5032
4980
5152
5024
4932
4996
5068
7496
5632
5324
4840
4912
5252
5072
4848
5076
5304
5176
5200
5144
4904
5152
5240
5244
6352
6624
6420
6156
6240
6300
6432
6256
6496
6432
6248
6248
6536
6144
6424
6368
6428
6628
6388
6444
6332
6280
6540
6548
6800
6456
6216
6328
6604
6388
6672
6708
6504
6420
6240
6340
6192
6108
6384
6104
6388
6348
6360
6660
6236
6228
6112
6528
5980
6292
6440
6348
6560
6624
6632
6388
6164
6180
6176
6316
6432
6288
6120
6352
6520
6412
6224
6504
6532
6552
6472
6496
6392
6320
6324
6300
6536
6568
6304
6680
6440
6560
6512
6572
6172
6524
6496
6508
6252
6276
6324
6208
6352
6444
6220
6264
6472
6568
6352
6432
6372
6628
6496
6472
6452
6376
6356
6328
6480
6404
6292
6376
6428
6560
6524
6260
6376
6472
6176
6116
6440
6436
6608
6256
6528
6288
6268
6320
6672
6708
6436
6572
6284
6060
6560
6484
6736
6804
6576
6540
6708
6488
6420
6516
6288
6240
6456
6184
6432
5740
6464
6496
6428
6592
6312
6344
6488
6496
6452
6116
6204
6320
6420
6352
6280
6232
6228
6476
6576
6640
6500
6316
6332
6304
6660
6648
6580
6704
6572
6412
6500
6580
6412
6584
6700
6616
6576
6636
6664
6740
6416
6344
6576
6372
6332
6588
6732
6692
6012
6608
6300
6024
6352
6748
6576
6584
6624
6656
6576
6596
6448
6652
6440
6556
6636
6520
6624
6424
6364
6580
6720
6680
6388
6592
6716
6808
6144
5932
6396
6364
6456
6416
6304
6404
6220
6492
6496
6460
6644
6120
6248
6008
6300
6140
6368
6272
6316
6320
6072
6108
5960
6380
6464
6556
6492
5964
6252
6480
6220
6192
6040
6156
6400
6172
5984
6456
7724
6780
6740
6808
6772
6420
6704
6672
6608
6692
6776
6836
6460
6532
6704
6524
6992
6616
6580
6732
6716
6636
6544
6608
6612
6796
6684
6696
6768
6776
6756
6564
6912
6616
6656
6796
7172
6616
6920
6836
6624
6656
6912
6836
6704
6868
6568
6828
6788
6740
6620
6888
6808
7104
6816
6972
6788
7852
6668
6532
6868
7216
6808
6760
6868
7192
7096
6712
6708
6880
7080
6848
6632
6596
6876
6968
6912
6812
6860
7148
7040
6768
6756
6572
7036
7176
7248
6700
6700
6796
7088
7208
6508
6836
6848
6520
6652
6712
6700
6804
6688
6800
6768
7868
6700
7952
6668
6216
6480
6864
6004
7120
6884
6672
6748
6524
6800
6648
5896
6916
7048
6964
5572
5604
5412
5392
5308
5552
5468
5856
5416
5352
5268
5172
5608
5572
5612
5500
5500
5556
5516
5620
5604
5248
5284
5508
5412
5596
5280
5504
5256
5492
5520
5456
5580
5388
6916
5428
5420
5548
5448
5520
6804
5380
5560
5580
5636
7212
6344
9932
9868
9660
10876
9932
10068
9384
9364
9684
9276
9824
9712
10000
9964
9776
9220
9376
9280
9420
9820
9284
9328
9348
9864
9868
9912
9636
9276
9420
9628
10104
9740
9724
9928
9656
9372
10700
10744
9476
9672
9560
9996
9500
9320
9008
8796
11044
9612
9728
10628
10152
10772
9204
9000
8012
9832
12008
12132
12372
11632
12592
11480
5672
5704
5548
5648
6564
5796
6056
5688
5856
5896
5636
5876
6272
6032
11684
6144
11304
9524
4712
4808
4808
4952
4728
4512
4572
4908
4908
4532
4796
4672
4904
4904
4720
4516
4904
4868
4836
4856
4752
4836
5476
6772
6304
6264
6348
6268
6320
6772
6344
6208
6492
6780
8540
6908
5048
5360
5280
5620
5296
5488
5756
4916
5072
4864
4944
5416
4936
4972
5684
6224
5588
4780
5224
5204
4956
5256
5312
5020
5016
5208
5052
4992
5068
5016
5148
4884
5024
5180
4920
5072
4956
5040
4980
4964
4872
4860
4968
4940
5264
5308
5164
5008
5148
5172
4944
5152
5028
5132
5004
5012
4896
4832
4700
5068
4808
4688
5180
5064
5128
5176
4796
4904
4780
5008
5176
4800
5240
4960
5880
4772
5832
5208
5292
5780
5792
5268
4848
4964
5008
4800
5020
5024
5008
5168
5128
5064
5128
5108
5124
5008
5748
5544
4952
5584
6604
5720
6180
7732
6232
5876
6900
5980
5748
5264
5116
5308
4896
5124
5284
5132
5108
6000
6352
7876
6964
7780
5288
5228
5172
5572
5580
8052
5316
5720
5668
5320
5440
5440
5312
5552
5356
6528
6900
7728
6228
5704
8096
6232
7580
5780
5524
7656
5792
5252
5704
6840
6848
6936
8468
7096
6216
5300
5656
5480
5508
5296
5384
5284
5416
5832
5624
5640
5260
5556
5664
6144
6056
5616
7120
5276
5576
5268
5584
7172
5508
6420
6332
7124
5552
6600
6040
5500
6424
5448
5452
6036
5516
6136
5300
5228
7384
6148
5532
7264
6184
6120
5760
4860
5296
5020
5256
6516
6344
6252
6424
6340
6100
6408
6360
6800
6728
6648
5960
6756
5864
6772
6156
6904
6748
6120
5908
6968
6432
6044
6108
6660
6832
6608
6808
6756
6656
6768
6104
6876
6892
6828
6676
6588
6864
5976
6828
6796
6788
6520
6800
6036
6760
6708
6288
5820
6768
5928
5832
6036
6564
5980
5752
6120
6632
5896
6672
5824
6692
7004
6292
6172
6904
6312
6020
6040
5864
6472
6660
6572
5812
6720
5864
5848
5660
5856
5836
5852
5644
6656
5836
5840
5704
5836
5624
5864
5636
5736
6108
5736
6008
6896
6736
6140
6180
6084
6720
6168
6840
6448
6872
6108
6356
5912
6004
6736
6812
7088
6672
6624
6508
6672
5924
6740
6828
6888
5812
6644
6104
6456
6652
6684
6772
5892
5936
5972
5864
5636
6256
9684
4964
4916
4916
4892
4808
4788
4684
4836
4872
4684
4880
4580
4804
4708
4664
4748
4808
4812
4764
4824
4924
4712
4700
4848
4708
4616
4864
4772
4588
4852
4904
4892
4748
4916
4564
4876
4552
4696
4792
4908
4720
4572
4960
4932
4856
4584
4860
4684
4936
4756
4804
4832
4672
4728
4808
4700
4920
4816
4828
4840
4532
4816
4860
4712
4896
4548
4904
4784
4572
4760
4524
4888
4868
4548
4904
4844
4484
4904
4808
4908
4788
4840
4948
4900
4944
4824
4564
4828
4732
4892
4736
4772
4928
4908
4716
4844
4792
4896
4856
4800
4844
4804
4688
4588
4852
4796
4568
4804
4900
4900
4552
4704
4784
4696
4452
4556
4676
4692
4640
4452
4792
4848
4464
4760
4584
4568
4748
4740
4684
9964
4836
4860
4628
4844
4608
4696
4800
4576
4588
4416
4716
4812
4700
4856
4840
4752
4880
4780
4708
4672
4668
4440
4728
4552
4624
4720
4720
4844
4740
4872
4624
4852
4740
4456
4424
4744
4728
4584
4772
4376
4744
4540
4840
4716
4404
4624
4808
4768
4668
4740
4692
4572
4684
4408
4768
4740
4748
4856
4688
4472
4684
4440
4404
4580
4848
4460
4656
4616
4436
4768
4732
4732
4772
4784
4724
4492
4828
4708
9468
4688
4564
4668
4656
4656
4640
4884
4740
4708
4776
4620
4688
4696
4768
4688
4764
4728
4844
4444
4708
4736
4864
4824
4564
4432
4776
4824
4900
4744
4752
4776
4484
4616
4764
4764
4672
4704
4540
4628
4820
4744
4848
4684
4852
4808
4724
4492
4488
4756
4640
4688
4640
4528
4832
4780
4808
6028
4832
4764
4688
4836
4768
4684
6704
4768
9380
6672
4572
4748
4744
4796
4624
4720
4824
4592
4836
4676
4780
4852
9492
4452
4768
9540
6600
4756
4708
4716
4800
4824
4880
6472
4740
4528
4816
4872
4676
4636
4744
4792
4784
4436
4812
4620
4924
4700
4728
4772
6708
6604
4396
4696
4516
4684
4636
4580
4620
4756
4896
4872
4684
4708
4812
4596
4632
4532
4648
4552
4844
4796
4704
4588
4688
4612
4896
4636
4812
4808
4440
4432
4596
4796
4836
4680
4560
9796
4912
4820
4768
4792
4664
4840
4812
4788
4552
4864
4892
4804
4924
4804
4792
4404
4452
4416
4664
4796
4624
4448
4768
4756
4764
4748
4836
4412
4780
4456
4696
4536
4732
4836
4796
4784
4652
4748
4744
4792
6780
4628
4764
4484
4688
4868
4652
4848
4860
4780
4884
4752
4624
4712
4752
4576
4636
4808
4848
4580
4508
9532
4704
4652
4860
4884
4816
4800
4708
4836
4492
4844
4836
4664
4656
4844
4692
4692
4708
4788
4728
4428
4740
4692
4696
4636
4852
4768
4900
4848
4844
4752
4816
4808
4784
4756
4652
4512
4640
4656
4652
4876
4800
4656
4776
4668
4800
4868
4832
4848
4752
4740
4628
4844
4848
4648
4656
4660
4552
4856
4840
4772
4680
4844
4804
4844
4788
4500
4772
4844
4788
4848
4756
4728
4776
4644
4796
4804
4680
4736
4768
4696
4736
4524
4860
4676
4524
4732
4788
4736
4876
4884
4572
4796
4780
4888
4876
4692
4784
4820
4564
5192
5160
5216
5196
4904
4920
4968
4792
4960
4924
4912
4624
4848
4744
4900
4800
4992
4876
4844
4628
4812
4904
4636
4768
4672
4844
4972
4696
4936
5000
5128
5048
4996
5044
5048
4512
4544
4788
4648
4540
4804
4800
5100
4852
4756
4760
4740
4832
4848
4804
4712
4556
4808
4664
4620
4780
4660
4820
4756
4484
4856
4464
4624
4796
4504
4492
4864
4740
4764
4468
4840
4832
4464
4800
4776
4708
4804
4804
4780
4800
4876
4760
4768
4816
4780
4704
4856
4796
4712
4808
4720
4748
4712
4900
4916
4696
4728
4568
4860
4584
4892
4900
4952
4860
4572
4900
4476
4800
4820
4800
4676
4840
4500
4652
4520
4724
4712
4484
4832
4784
4552
4888
4812
4828
4844
4784
4792
4828
4804
4764
4796
4656
4520
4524
4704
4812
4800
4800
4744
4484
4676
4656
4520
4816
4672
4844
4680
4744
4780
4828
4804
4892
4812
4616
4808
4744
4768
4668
4748
4480
4744
4824
4748
4620
4792
4788
4800
4716
4840
4796
4684
4892
4760
4832
4692
4888
4692
4800
4776
4628
4856
4740
4800
4832
4796
4840
4704
4856
4708
4872
4720
4880
4548
4812
4700
4708
4812
4724
4720
4704
4876
4780
4872
4880
4840
4712
5128
5248
5168
5144
4904
4884
4636
4632
4656
4900
4700
5004
4680
5016
4952
5000
5208
4948
5116
5140
5220
5080
5244
4916
5336
5212
5092
5268
4872
4696
4492
4804
4532
4540
4848
4728
4804
4912
4772
4872
4804
4868
4756
4820
4672
4680
4808
4752
4672
4656
4796
4816
4848
4816
4552
4548
4776
4776
4764
4760
4536
4768
4900
4776
4800
4812
4504
4640
4824
4632
4860
4808
4864
4644
4748
4848
4532
4816
4852
4796
4552
4532
4460
4688
4648
4788
4896
4748
4820
4676
4820
4856
4516
4852
4748
4780
4752
4524
4744
4796
4764
4536
4912
4792
4620
4528
4856
4752
4776
4868
4812
4828
4664
4480
4536
4832
4796
4672
4676
4864
4724
4776
4724
4740
4828
4516
4888
4664
4812
4768
4812
4688
4836
4728
4528
4716
4704
4652
4808
4508
4852
4872
4824
4880
4816
4832
4836
4824
4728
4868
4660
4804
4796
4804
4920
4808
4764
4812
4864
4724
4820
4808
4812
4748
4816
4708
4700
4684
4704
4788
4748
4872
4832
4752
4792
4840
4676
4800
4860
4680
4796
4788
4852
4756
4800
4612
4504
4692
4768
4800
4512
4760
4728
4480
4696
4684
4892
4668
4644
4828
4532
4836
4524
4832
4780
4788
4684
4856
4780
4512
4804
4524
4836
4784
4740
4816
4524
4708
4532
4896
4820
4816
4780
4640
4832
4804
4856
4700
4684
4784
4912
4868
4760
4832
4760
4864
4824
4772
4684
4860
4504
4508
4868
4536
4900
4808
4784
4684
4912
4788
4548
4708
4500
4488
4672
4808
4772
4840
4812
4488
4788
4888
4768
4916
4668
4784
4528
4804
4848
4824
4764
4764
4868
4484
4900
4772
4544
4752
4848
4532
4820
4844
4716
4856
4852
4688
4776
4904
4716
4696
4796
4796
4916
4648
4808
4828
4760
4816
4740
4840
4756
4840
4648
4832
4800
4840
4740
4816
4832
4856
4688
4756
4788
4512
4688
4644
4896
4648
4856
4916
4832
4856
4688
4808
4756
4544
4668
4788
4852
4772
4820
4764
4788
4620
4892
4664
4796
4836
4864
4820
4516
4808
4496
4748
4812
4804
4492
4528
4692
4760
4648
4832
4536
4740
4888
4700
4796
4724
4652
4468
4788
4808
4680
4656
4836
4748
4472
4860
4868
4704
4768
4544
4804
4496
4664
4752
4836
4664
4684
4856
4868
4816
4812
4864
4700
4896
4800
4724
4560
4656
4788
4664
4816
4896
4908
4860
4912
4924
4492
4664
4824
4632
4852
4852
4792
4812
4812
4792
4548
4836
4840
4860
4792
4856
4864
4908
4620
4772
4876
4796
4532
4804
4688
4852
4824
4896
4816
4892
4748
4496
4836
4684
4764
4776
4748
4684
4808
4804
4480
4852
4808
4684
4832
4656
4888
4772
4768
4816
4440
4780
4780
4788
4752
4840
4648
4792
4852
4744
4540
4488
4864
4664
4836
4780
4776
4528
4812
4848
4520
4760
4852
4692
4840
4748
4712
4856
4896
4888
4804
4772
4708
4856
4804
4820
4804
4780
4516
4696
4856
4900
4488
4712
4464
4768
4736
4796
4736
4476
4532
4712
4548
4504
4904
4808
4548
4508
4812
4784
4860
4848
4840
4516
4524
4840
4544
4484
4704
4836
4768
4684
4856
4812
4780
4808
4724
4880
4672
4700
4852
4840
4840
4676
4864
4856
4832
4732
4520
4732
4520
4528
4508
4676
4808
4548
4904
4708
4856
4532
4868
4528
4712
4848
4804
4796
4804
4716
4820
4672
4688
4664
4784
4916
4636
4884
4824
4684
4768
4856
4764
4708
4912
4856
4780
4844
4480
4712
4688
4804
4736
4832
4828
4784
4724
4692
4644
4792
4664
4820
4796
4864
4724
4700
4668
4824
4744
4756
4672
4496
4804
4760
4640
4512
4716
4868
4768
4532
4760
4728
4812
4872
4680
4880
4860
4856
4804
4860
4776
4708
4596
5076
5152
4876
4828
5088
4976
4800
4992
5104
5108
5104
5048
5080
4960
5024
4924
4888
5072
4928
5096
4992
4760
5020
4712
5040
5008
5128
5036
5004
5016
5044
4840
4968
5036
4912
4804
4804
4552
4884
4708
4844
4876
4932
4880
5028
4940
4816
4704
5064
4848
4720
4800
4892
5016
5088
5020
4788
4928
4880
4892
4688
5064
5024
5188
5084
4860
5040
4672
4856
5056
4552
5096
5036
4736
4812
4832
4576
5032
5036
4696
5068
5112
5004
4900
5108
4968
4784
4780
4852
4572
4588
5080
5044
4696
5056
4880
4984
4932
4776
4780
4992
5076
4984
5104
5104
4924
5128
4956
4884
4868
5024
4768
5032
4892
5000
4968
4892
5124
4800
4708
4848
4972
5048
4864
4796
4552
4972
4740
4732
4872
4780
4620
4948
5012
4784
5060
4788
4880
4892
4912
5076
4744
4980
5068
5104
5096
5124
5000
4936
5176
5036
5156
4788
4860
4692
4736
4588
5052
4784
4928
4560
4732
4904
4916
5068
5088
5008
4924
5064
5052
4996
5104
5092
5048
5124
5084
4884
4948
4960
5004
4876
5060
5096
4824
4696
4928
4516
5080
4928
5052
4908
5060
5204
5176
5032
4760
5108
4792
4780
4500
5056
5012
4684
4824
4700
4684
4872
4716
4840
4720
4680
4812
4904
4500
4928
4880
4868
4740
4968
4916
5000
4892
4848
4880
5120
4660
5048
5032
4864
5020
5128
5108
5016
4852
4868
4872
4756
5052
4760
4800
4588
4904
4768
5068
5128
5068
4764
5008
5048
5080
5136
5032
5020
5040
4868
4940
4676
5100
4788
4796
4840
4784
4764
4836
4852
5132
5056
5172
5116
4844
5028
5068
5080
4584
4892
4800
5332
5340
5236
5088
5184
5284
5224
4940
4920
4912
4880
5116
4940
4852
4748
4908
4936
4828
4984
4992
4960
4828
4708
4824
4560
4548
5060
4672
4868
4864
4796
5104
4924
4916
4852
5020
5076
4888
5096
4832
5176
4792
5060
4904
5124
5068
4816
5056
5072
4720
4796
4968
5072
4788
5020
4924
5056
5084
4880
5016
5100
5148
5084
4652
4720
4880
4576
4872
5072
5024
4840
4704
4668
4928
4744
4724
4848
4940
5072
5004
4952
4988
5020
5148
5104
4932
4936
5060
5060
5152
4772
5132
5084
4796
4920
4484
5028
5020
5120
5072
5116
4964
4896
5108
4752
5036
4880
4740
5144
5132
5088
4980
5148
5028
5052
5040
5080
5084
5116
4872
5108
5000
4840
4940
4928
5080
4940
5156
5104
5168
5076
4992
5156
4804
4912
5104
5184
4836
5212
4824
4852
5068
4804
4988
5100
5124
5080
5064
5152
4912
5048
5156
5100
4884
5036
4984
5156
4992
5064
5112
5172
5092
4788
5020
4820
4988
5164
4756
5092
5052
5004
5016
4956
5144
5140
5176
4892
5032
5132
5052
5220
5172
5140
4848
4836
5060
5128
4780
5196
5172
4976
5132
5168
5052
4772
4764
4792
5104
5092
5104
4960
4808
4956
4812
5048
5040
4832
4944
5132
5012
5104
5156
5108
5056
5080
5076
4888
5040
4984
5064
5064
5096
4900
5044
5072
5100
4960
5112
5048
4808
5052
4780
5052
5136
5092
4988
5092
5044
5008
4712
5080
5016
4740
4944
5024
5084
4972
5156
5048
5060
5168
5020
4896
5036
4936
5012
4952
4884
4912
5168
5096
5004
4964
5040
4928
4972
5052
4980
4992
4992
4952
5008
5096
4892
4948
5164
4956
4976
5128
4952
5048
5048
5088
4988
5060
5180
5120
5152
5120
4948
5116
5000
5032
5004
5088
5168
5144
5112
4940
4820
5028
5040
4784
4948
5104
5156
5032
4904
5040
5036
5104
5080
5108
4896
5000
4992
5064
5084
5160
5124
5152
5012
4872
5140
5104
5120
4884
5044
5052
5000
5180
4648
5044
5020
5036
5004
4980
5128
4884
5104
5156
4908
4988
5100
5164
5032
4948
4996
5052
5132
5068
4852
4912
5132
5108
4908
5164
5064
5100
4808
5056
5032
5080
4952
4764
4720
4976
5108
5160
5168
5088
4904
4792
5044
4956
5016
4924
5004
4956
4988
5100
5100
4976
4796
5072
4892
5040
5016
5040
5108
5024
5064
4996
5040
4844
4752
4796
5108
5148
4936
5068
5180
4980
4708
5008
5148
4920
5156
4908
5072
5116
4712
4920
4936
5088
5092
5068
5144
4988
5152
5172
5128
5044
5172
4744
4980
5048
5160
4936
4836
5048
4988
5084
5120
5088
5056
5088
5020
4740
4748
5108
4900
4872
5020
5084
5068
4852
5156
5084
4784
5164
4948
4920
5096
5144
4788
4996
5160
5144
5060
4992
5068
5128
4984
5208
5100
4916
5136
5168
5008
5096
4948
5044
5056
4812
4728
5104
5220
5132
4872
4832
4988
4896
4796
5144
4780
5100
5144
4720
5020
4936
5072
5068
5168
4816
5068
5100
4796
4948
5036
4992
5132
5036
5100
5032
5204
5124
5156
4944
5120
4848
5188
5116
5088
5048
5004
5212
5012
4668
4852
4964
4784
5164
4660
5024
4944
5044
4940
4848
4904
4996
5008
4976
4952
4980
5048
4848
4800
5196
4972
5052
5100
4796
5048
5028
5044
4996
5052
5048
4796
4888
5068
4884
5192
5080
4772
4996
5068
4800
4904
5120
4992
5088
5000
5076
4840
5024
4988
5056
4948
5056
5096
5172
4736
5152
4752
4764
5124
5040
5048
4692
5000
4996
5068
4904
5072
4996
5080
5092
5160
5140
5108
5108
5084
5128
5036
5072
5108
4772
4968
4972
4916
4764
5092
5104
4808
5092
4964
5020
5112
5092
4744
5064
5140
5140
4972
4948
4800
5084
5092
5200
4948
4908
5120
4828
4936
4764
4916
5000
5156
5084
5052
4816
5068
5140
5084
5196
5056
4940
5064
4872
5004
5012
4644
4936
4996
5152
4928
4796
4908
5072
4752
5016
4896
5108
5012
4936
5052
5016
5028
5088
5088
4928
4988
4964
4924
5100
5108
4992
4884
5120
5004
5024
4784
5104
4980
5152
4936
4732
5128
4960
5060
4964
5080
5100
4744
5024
5096
5056
5044
4960
4900
4948
5004
4756
5016
4980
5020
4988
5004
5168
5108
4944
4984
5124
4928
4976
5072
5084
5112
5200
5204
4496
4932
4796
4772
4552
4824
4972
5044
5032
4960
5108
4756
5168
5092
5132
5168
5056
4976
5112
5008
4852
5088
5156
5168
5140
5128
5104
4980
5148
5108
5100
5152
5092
4836
4784
4996
