0.06
0.04
0.05
0.06
0.08
0.06
0.07
0.08
0.03
0.06
0.05
0.10
0.05
0.07
0.06
0.10
0.07
0.10
0.05
0.09
0.13
0.11
0.11
0.03
0.11
0.08
0.12
0.12
0.11
0.11
0.12
0.12
0.09
0.05
0.09
0.10
0.08
0.07
0.10
0.11
0.07
0.13
0.10
0.07
0.06
0.06
0.09
0.02
0.11
0.10
0.02
0.08
0.10
0.10
0.07
0.03
0.11
0.11
0.07
0.07
0.10
0.08
0.07
0.06
0.10
0.09
0.09
0.04
0.11
0.10
0.10
0.11
0.09
0.14
0.08
0.05
0.05
0.07
0.09
0.06
0.09
0.08
0.06
0.05
0.05
0.11
0.05
0.03
0.07
0.06
0.08
0.06
0.06
0.05
0.08
0.05
0.08
0.12
0.13
0.17
0.04
0.08
0.08
0.05
0.10
0.07
0.09
0.10
0.07
0.10
0.07
0.05
0.07
0.03
0.06
0.07
0.08
0.06
0.06
0.05
0.05
0.05
0.05
0.05
0.05
0.06
0.08
0.05
0.05
0.07
0.05
0.07
0.08
0.07
0.06
0.05
0.07
0.09
0.07
0.09
0.07
0.08
0.08
0.09
0.07
0.14
0.06
0.06
0.06
0.06
0.08
0.07
0.13
0.09
0.05
0.05
0.03
0.07
0.05
0.07
0.06
0.06
0.08
0.08
0.07
0.06
0.05
0.07
0.07
0.07
0.08
0.07
0.06
0.07
0.05
0.07
0.07
0.11
0.07
0.07
0.10
0.11
0.09
0.13
0.08
0.05
0.03
0.12
0.06
0.10
0.13
0.04
0.12
0.07
0.03
0.07
0.06
0.06
0.06
0.09
0.06
0.05
0.05
0.05
0.05
0.03
0.13
0.14
0.03
0.07
0.06
0.05
0.05
0.04
0.04
0.06
0.09
0.16
0.07
0.08
0.10
0.05
0.05
0.04
0.06
0.05
0.10
0.09
0.10
0.06
0.06
0.09
0.07
0.06
0.05
0.08
0.06
0.05
0.08
0.07
0.08
0.08
0.08
0.12
0.02
0.18
0.07
0.04
0.10
0.06
0.03
0.10
0.05
0.07
0.06
0.10
0.07
0.05
0.07
0.06
0.05
0.05
0.10
0.07
0.07
0.07
0.07
0.06
0.06
0.06
0.06
0.07
0.06
0.05
0.10
0.08
0.07
0.08
0.06
0.07
0.06
0.14
0.06
0.06
0.10
0.04
0.15
0.10
0.13
0.07
0.08
0.06
0.11
0.08
0.07
0.10
0.11
0.07
0.08
0.09
0.09
0.10
0.08
0.16
0.10
0.11
0.11
0.07
0.07
0.04
0.08
0.08
0.08
0.10
0.06
0.08
0.06
0.11
0.09
0.10
0.05
0.10
0.11
0.05
0.06
0.08
0.12
0.04
0.04
0.06
0.04
0.09
0.09
0.04
0.08
0.08
0.07
0.03
0.05
0.03
0.10
0.06
0.07
0.07
0.06
0.08
0.05
0.05
0.07
0.05
0.06
0.07
0.05
0.05
0.08
0.08
0.07
0.06
0.06
0.07
0.06
0.05
0.07
0.06
0.05
0.06
0.07
0.06
0.07
0.05
0.11
0.05
0.05
0.06
0.05
0.05
0.07
0.07
0.05
0.07
0.11
0.05
0.07
0.05
0.06
0.05
0.04
0.05
0.06
0.06
0.07
0.06
0.06
0.07
0.10
0.07
0.05
0.06
0.06
0.07
0.06
0.08
0.08
0.08
0.05
0.10
0.03
0.06
0.06
0.05
0.07
0.10
0.05
0.11
0.08
0.03
0.06
0.08
0.06
0.04
0.05
0.05
0.05
0.08
0.09
0.07
0.07
0.09
0.02
0.05
0.09
5.49
0.69
0.22
0.19
0.13
0.20
0.18
0.15
0.17
0.23
0.14
0.14
0.10
0.10
0.11
0.26
0.19
1.79
1.79
1.70
1.70
1.70
1.73
1.78
1.71
1.76
1.78
1.74
1.72
1.79
1.74
1.83
1.79
1.81
1.76
1.69
1.73
1.76
1.70
1.77
1.77
2.05
1.85
1.60
1.76
1.99
1.85
1.97
1.96
1.81
1.76
1.75
1.66
1.60
1.58
1.91
1.94
1.94
1.65
1.94
1.95
1.62
1.87
1.71
1.79
1.41
1.59
1.67
1.68
1.82
1.94
1.95
1.70
1.82
1.66
1.77
1.72
1.91
1.67
1.83
1.83
1.74
1.97
1.83
1.97
1.98
1.96
1.98
1.99
2.29
1.93
1.79
1.96
2.00
1.80
1.68
1.92
1.87
1.84
1.83
1.97
1.77
1.92
1.94
1.94
1.68
1.80
1.72
1.62
1.61
1.80
1.81
1.90
1.89
1.83
1.65
1.78
1.80
1.85
1.87
1.79
1.96
1.74
1.73
1.72
1.82
1.83
1.68
1.63
1.66
1.86
1.82
1.81
1.93
1.80
1.82
1.71
1.66
1.56
1.81
1.87
1.76
1.88
1.92
1.88
2.05
2.05
1.79
1.84
1.56
1.73
1.82
1.70
2.05
2.05
1.88
1.71
1.80
1.95
1.95
1.95
1.65
1.76
1.92
1.72
1.80
1.28
1.84
1.95
1.91
1.89
1.81
1.70
1.90
1.92
1.70
1.75
1.67
1.83
1.93
1.60
1.83
1.84
1.70
1.91
1.78
1.94
1.88
1.92
1.95
1.88
1.90
1.94
1.89
1.91
1.94
1.72
1.77
1.88
1.92
1.89
1.90
1.78
1.93
1.89
1.78
1.90
1.81
1.82
1.88
1.82
1.75
1.94
1.94
1.89
1.30
1.91
1.93
1.23
1.92
1.95
1.81
1.97
1.94
1.98
1.91
1.95
1.84
1.82
1.82
1.86
1.83
1.90
1.94
1.77
1.77
1.76
1.94
1.96
1.98
1.95
1.86
1.86
1.69
1.69
1.94
1.92
1.93
1.69
1.68
1.70
1.69
1.77
1.82
1.83
1.97
1.72
1.78
1.76
1.78
1.85
1.84
1.76
1.78
1.73
1.77
1.81
1.74
1.93
1.75
1.83
1.76
1.73
1.83
1.83
1.76
1.86
1.83
1.88
1.61
1.77
1.82
1.74
4.55
2.67
2.64
2.59
2.84
2.73
2.74
3.05
2.54
2.77
2.71
2.86
2.52
2.22
2.57
2.28
3.18
2.55
2.78
3.35
2.70
2.68
2.70
2.59
2.59
2.68
2.67
2.46
2.78
2.73
2.79
2.76
2.78
2.79
2.60
2.82
3.44
2.89
3.09
3.14
2.68
2.81
2.77
2.74
1.73
2.79
2.82
2.76
2.71
2.79
2.64
2.75
2.70
2.87
2.76
2.85
2.91
4.19
2.79
2.52
2.70
2.87
2.74
2.84
2.68
3.35
3.50
2.58
2.57
2.78
2.90
2.67
2.67
2.70
2.71
2.78
2.71
2.84
2.85
3.79
4.07
2.73
2.67
2.85
3.66
4.23
3.97
2.65
2.58
2.68
2.89
2.88
2.58
2.80
2.78
2.73
2.84
2.80
2.56
2.69
2.68
2.77
2.76
4.35
2.54
4.63
2.75
2.08
2.80
2.72
1.58
3.20
2.84
2.67
2.68
2.68
2.73
2.66
1.29
2.73
2.73
2.74
0.58
0.53
0.58
0.54
0.62
0.56
0.41
1.24
0.57
0.60
0.58
0.53
0.59
0.56
0.56
0.53
0.53
0.55
0.57
0.59
0.59
0.58
0.61
0.60
0.57
0.59
0.57
0.59
0.59
0.56
0.56
0.58
0.57
0.55
2.94
0.60
0.55
0.61
0.61
0.55
3.35
0.55
0.57
0.57
0.55
3.18
1.81
7.08
7.09
7.07
8.04
7.43
7.37
7.09
6.88
7.20
7.43
7.31
7.29
7.87
7.33
7.21
7.10
6.99
7.05
7.04
7.31
7.23
7.47
7.18
7.11
7.09
7.27
7.15
7.06
7.15
7.68
7.28
7.51
7.25
7.24
7.41
7.55
8.79
8.61
7.38
7.20
7.18
7.41
6.58
6.93
6.47
6.11
8.98
7.45
7.53
7.92
7.70
7.28
7.03
7.11
6.84
7.36
11.28
7.57
11.03
14.22
18.26
11.91
0.87
1.00
0.97
0.83
2.85
1.41
1.66
0.89
1.28
1.62
1.07
1.34
1.80
1.49
16.45
1.86
10.93
7.21
0.00
0.00
0.00
0.00
0.00
0.00
0.00
0.00
0.00
0.00
0.00
0.00
0.00
0.00
0.00
0.00
0.00
0.00
0.01
0.00
0.01
0.00
0.69
1.88
1.74
1.76
1.78
1.83
1.85
1.73
2.58
1.60
1.99
2.81
6.52
2.79
0.33
0.40
0.35
0.59
0.26
0.85
0.88
0.04
0.09
0.04
0.03
0.39
0.04
0.16
0.86
2.62
0.65
0.07
0.22
0.22
0.22
0.19
0.22
0.14
0.13
0.11
0.13
0.13
0.12
0.09
0.09
0.16
0.17
0.21
0.16
0.18
0.23
0.06
0.06
0.20
0.06
0.05
0.04
0.05
0.19
0.33
0.16
0.15
0.19
0.13
0.10
0.12
0.13
0.15
0.10
0.04
0.03
0.03
0.03
0.03
0.08
0.03
0.14
0.14
0.24
0.14
0.11
0.09
0.12
0.14
0.12
0.10
0.14
0.10
1.05
0.11
0.78
0.16
0.47
0.71
0.96
0.21
0.14
0.04
0.03
0.05
0.04
0.04
0.09
0.13
0.13
0.14
0.14
0.14
0.12
0.24
1.57
0.57
0.05
0.60
2.64
1.16
1.86
5.97
3.05
1.82
3.91
1.62
1.28
0.31
0.10
0.33
0.25
0.32
0.35
0.31
0.08
1.65
2.64
4.77
3.08
5.19
0.49
0.39
0.28
0.54
0.46
5.85
0.32
0.79
1.12
0.35
0.46
0.45
0.46
0.75
0.38
2.91
3.89
6.16
1.94
0.85
6.42
1.70
5.07
1.17
0.75
4.89
0.74
0.29
0.63
2.73
2.73
2.82
5.34
3.01
2.06
0.38
0.61
0.51
0.58
0.59
0.54
0.59
0.55
1.53
0.59
0.60
0.56
0.55
1.13
1.82
1.68
0.55
3.28
0.57
0.60
0.61
0.56
3.20
1.02
2.90
1.82
2.99
0.57
2.67
1.72
0.56
1.90
0.48
1.22
2.26
0.56
2.33
0.61
0.62
3.27
2.45
0.56
3.14
2.36
2.29
0.82
0.15
0.20
0.17
0.18
1.76
1.82
1.62
1.89
1.84
1.36
1.98
1.75
2.80
2.85
2.77
1.42
2.73
1.58
2.73
1.43
2.71
2.79
1.56
1.31
2.67
1.45
1.52
1.62
2.68
2.68
2.51
2.65
2.75
2.77
2.82
1.54
2.78
2.79
2.79
2.59
2.77
2.77
1.42
2.76
2.85
2.77
2.73
2.75
1.43
2.77
2.77
1.77
1.37
2.75
1.47
1.56
1.32
2.77
1.43
1.22
1.32
2.78
1.39
2.77
1.34
2.75
2.70
1.45
1.36
2.69
1.35
1.46
1.40
1.34
2.78
2.83
2.77
1.33
2.71
1.36
1.38
1.30
1.30
1.27
1.26
1.27
2.67
1.30
1.33
1.29
1.26
1.31
1.20
1.19
1.22
1.49
1.28
1.31
2.76
2.67
1.34
1.78
1.43
2.78
1.51
2.69
2.77
2.69
1.36
1.35
1.15
1.40
2.74
2.79
2.96
2.72
2.66
2.65
2.77
1.39
2.82
2.76
2.84
1.51
2.76
1.47
2.84
2.59
2.76
2.80
1.63
1.21
1.43
1.26
1.30
1.54
7.05
0.01
0.01
0.00
0.00
0.00
0.01
0.01
0.00
0.01
0.01
0.01
0.00
0.00
0.01
0.00
0.01
0.01
0.01
0.01
0.01
0.00
0.01
0.01
0.01
0.00
0.01
0.00
0.00
0.00
0.00
0.01
0.00
0.00
0.01
0.00
0.00
0.00
0.00
0.00
0.01
0.00
0.00
0.00
0.01
0.01
0.01
0.00
0.00
0.00
0.01
0.00
0.00
0.00
0.00
0.01
0.00
0.00
0.00
0.00
0.01
0.00
0.01
0.00
0.00
0.01
0.00
0.01
0.00
0.01
0.00
0.00
0.00
0.00
0.00
0.01
0.00
0.00
0.01
0.01
0.01
0.01
0.00
0.01
0.01
0.01
0.01
0.01
0.01
0.00
0.00
0.00
0.00
0.00
0.01
0.00
0.01
0.01
0.00
0.00
0.01
0.01
0.00
0.00
0.00
0.01
0.01
0.01
0.00
0.01
0.01
0.00
0.00
0.00
0.00
0.00
0.00
0.00
0.00
0.00
0.00
0.00
0.00
0.00
0.00
0.00
0.00
0.00
0.00
0.00
7.30
0.00
0.00
0.00
0.00
0.00
0.00
0.00
0.00
0.00
0.00
0.00
0.00
0.00
0.00
0.00
0.00
0.00
0.00
0.00
0.00
0.00
0.00
0.00
0.00
0.00
0.00
0.00
0.00
0.00
0.00
0.00
0.00
0.00
0.00
0.00
0.00
0.00
0.00
0.00
0.00
0.00
0.00
0.00
0.00
0.00
0.00
0.00
0.00
0.00
0.00
0.00
0.00
0.00
0.00
0.00
0.00
0.00
0.00
0.00
0.00
0.00
0.00
0.00
0.00
0.00
0.00
0.00
0.00
0.00
0.00
0.00
0.00
0.00
0.00
0.00
0.00
0.00
0.00
6.39
0.00
0.00
0.00
0.00
0.00
0.00
0.00
0.00
0.00
0.00
0.00
0.00
0.00
0.00
0.00
0.00
0.00
0.00
0.00
0.00
0.00
0.00
0.00
0.00
0.00
0.00
0.00
0.00
0.00
0.00
0.00
0.00
0.00
0.00
0.00
0.00
0.00
0.00
0.00
0.00
0.00
0.00
0.00
0.00
0.00
0.00
0.00
0.00
0.00
0.00
0.00
0.00
0.00
0.00
0.00
0.00
1.17
0.00
0.00
0.00
0.00
0.00
0.00
1.86
0.00
6.51
1.85
0.00
0.00
0.00
0.00
0.00
0.00
0.00
0.00
0.01
0.00
0.00
0.00
6.45
0.00
0.00
6.48
1.91
0.00
0.00
0.00
0.00
0.00
0.00
1.71
0.00
0.00
0.00
0.00
0.00
0.00
0.00
0.00
0.00
0.00
0.00
0.00
0.01
0.00
0.00
0.00
1.86
1.89
0.00
0.00
0.00
0.00
0.00
0.00
0.00
0.00
0.00
0.00
0.00
0.00
0.00
0.00
0.00
0.00
0.00
0.00
0.00
0.00
0.00
0.00
0.04
0.00
0.05
0.00
0.00
0.00
0.00
0.00
0.00
0.00
0.00
0.00
0.00
6.69
0.00
0.00
0.00
0.00
0.00
0.00
0.00
0.00
0.00
0.00
0.00
0.00
0.00
0.00
0.00
0.00
0.00
0.00
0.00
0.00
0.00
0.00
0.00
0.00
0.00
0.00
0.00
0.00
0.00
0.00
0.00
0.00
0.00
0.00
0.00
0.00
0.00
0.00
0.00
0.00
1.85
0.00
0.00
0.00
0.00
0.00
0.00
0.00
0.00
0.00
0.00
0.00
0.00
0.00
0.00
0.00
0.00
0.00
0.00
0.00
0.00
6.49
0.00
0.00
0.00
0.00
0.00
0.00
0.00
0.00
0.00
0.00
0.00
0.00
0.00
0.01
0.00
0.00
0.00
0.01
0.00
0.00
0.00
0.00
0.00
0.00
0.00
0.00
0.00
0.00
0.00
0.00
0.00
0.00
0.00
0.00
0.00
0.00
0.00
0.00
0.00
0.00
0.00
0.00
0.00
0.00
0.00
0.00
0.00
0.00
0.00
0.00
0.00
0.00
0.00
0.00
0.00
0.00
0.00
0.00
0.00
0.00
0.00
0.00
0.00
0.00
0.00
0.00
0.00
0.00
0.00
0.00
0.00
0.00
0.00
0.00
0.00
0.00
0.00
0.00
0.00
0.00
0.00
0.00
0.00
0.00
0.00
0.00
0.00
0.00
0.00
0.00
0.00
0.00
0.00
0.00
0.00
0.00
0.00
0.00
0.00
0.16
0.13
0.14
0.19
0.16
0.16
0.01
0.01
0.02
0.02
0.02
0.02
0.02
0.02
0.01
0.01
0.01
0.01
0.01
0.03
0.02
0.03
0.03
0.03
0.06
0.06
0.06
0.03
0.04
0.08
0.08
0.08
0.08
0.08
0.08
0.00
0.00
0.00
0.00
0.00
0.00
0.00
0.08
0.00
0.00
0.00
0.00
0.00
0.00
0.00
0.00
0.00
0.00
0.00
0.00
0.00
0.00
0.00
0.00
0.00
0.00
0.00
0.00
0.00
0.00
0.00
0.00
0.00
0.00
0.00
0.00
0.00
0.00
0.00
0.00
0.00
0.00
0.00
0.00
0.00
0.00
0.00
0.00
0.00
0.00
0.00
0.00
0.00
0.00
0.00
0.00
0.00
0.00
0.00
0.00
0.00
0.00
0.00
0.00
0.00
0.00
0.00
0.00
0.00
0.00
0.00
0.00
0.00
0.00
0.00
0.00
0.00
0.00
0.00
0.00
0.00
0.00
0.00
0.00
0.00
0.00
0.00
0.00
0.00
0.00
0.00
0.00
0.00
0.00
0.00
0.00
0.00
0.00
0.00
0.00
0.00
0.00
0.00
0.00
0.00
0.00
0.00
0.00
0.00
0.00
0.00
0.00
0.00
0.00
0.00
0.00
0.00
0.00
0.00
0.00
0.00
0.00
0.00
0.00
0.00
0.00
0.00
0.00
0.00
0.00
0.00
0.00
0.00
0.00
0.00
0.00
0.00
0.00
0.00
0.00
0.00
0.00
0.00
0.00
0.00
0.00
0.00
0.00
0.00
0.00
0.00
0.00
0.00
0.00
0.00
0.00
0.00
0.00
0.00
0.00
0.00
0.00
0.00
0.00
0.00
0.00
0.00
0.00
0.00
0.00
0.00
0.18
0.20
0.20
0.20
0.00
0.00
0.03
0.03
0.03
0.03
0.03
0.03
0.03
0.03
0.03
0.04
0.21
0.21
0.21
0.21
0.21
0.21
0.21
0.20
0.21
0.20
0.21
0.22
0.00
0.00
0.00
0.00
0.00
0.00
0.00
0.00
0.00
0.00
0.00
0.00
0.00
0.00
0.00
0.00
0.00
0.00
0.00
0.00
0.00
0.00
0.00
0.00
0.00
0.00
0.00
0.00
0.00
0.00
0.00
0.00
0.00
0.00
0.00
0.00
0.00
0.00
0.00
0.00
0.00
0.00
0.00
0.00
0.00
0.00
0.00
0.00
0.00
0.00
0.00
0.00
0.00
0.00
0.00
0.00
0.00
0.00
0.00
0.00
0.00
0.00
0.00
0.00
0.00
0.00
0.00
0.00
0.00
0.00
0.00
0.00
0.00
0.00
0.00
0.00
0.00
0.00
0.00
0.00
0.00
0.00
0.00
0.00
0.00
0.00
0.00
0.00
0.00
0.00
0.00
0.00
0.00
0.00
0.00
0.00
0.00
0.00
0.00
0.00
0.00
0.00
0.00
0.00
0.00
0.00
0.00
0.00
0.00
0.00
0.00
0.00
0.00
0.00
0.00
0.00
0.00
0.00
0.00
0.00
0.00
0.00
0.00
0.00
0.00
0.00
0.00
0.00
0.00
0.00
0.00
0.00
0.00
0.00
0.00
0.00
0.00
0.00
0.00
0.00
0.00
0.00
0.00
0.00
0.00
0.00
0.00
0.00
0.00
0.00
0.00
0.00
0.00
0.00
0.00
0.00
0.00
0.00
0.00
0.00
0.00
0.00
0.00
0.00
0.00
0.00
0.00
0.00
0.00
0.00
0.00
0.00
0.00
0.00
0.00
0.00
0.00
0.00
0.00
0.00
0.00
0.00
0.00
0.00
0.00
0.00
0.00
0.00
0.00
0.00
0.00
0.00
0.00
0.00
0.00
0.00
0.00
0.00
0.00
0.00
0.00
0.00
0.00
0.00
0.00
0.00
0.00
0.00
0.00
0.00
0.00
0.00
0.00
0.00
0.00
0.00
0.00
0.00
0.00
0.00
0.00
0.00
0.00
0.00
0.00
0.00
0.00
0.00
0.00
0.00
0.00
0.00
0.00
0.00
0.00
0.00
0.00
0.00
0.00
0.00
0.00
0.00
0.00
0.00
0.00
0.00
0.00
0.00
0.00
0.00
0.00
0.00
0.00
0.00
0.00
0.00
0.00
0.00
0.00
0.00
0.00
0.00
0.00
0.00
0.00
0.00
0.00
0.00
0.00
0.00
0.00
0.00
0.00
0.00
0.00
0.00
0.00
0.00
0.00
0.00
0.00
0.00
0.00
0.00
0.00
0.00
0.00
0.00
0.00
0.00
0.00
0.00
0.00
0.00
0.00
0.00
0.00
0.00
0.00
0.00
0.00
0.00
0.00
0.00
0.00
0.00
0.00
0.00
0.00
0.00
0.00
0.00
0.00
0.00
0.00
0.00
0.00
0.00
0.00
0.00
0.00
0.00
0.00
0.00
0.00
0.00
0.00
0.00
0.00
0.00
0.00
0.00
0.00
0.00
0.00
0.00
0.00
0.00
0.00
0.00
0.00
0.00
0.00
0.00
0.00
0.00
0.00
0.00
0.00
0.00
0.00
0.00
0.00
0.00
0.00
0.00
0.00
0.00
0.00
0.00
0.00
0.00
0.00
0.00
0.00
0.00
0.00
0.00
0.00
0.00
0.00
0.00
0.00
0.00
0.00
0.00
0.00
0.00
0.00
0.00
0.00
0.00
0.00
0.00
0.00
0.00
0.00
0.00
0.00
0.00
0.00
0.00
0.00
0.00
0.00
0.00
0.00
0.00
0.00
0.00
0.00
0.00
0.00
0.00
0.00
0.00
0.00
0.00
0.00
0.00
0.00
0.00
0.00
0.00
0.00
0.00
0.00
0.00
0.00
0.00
0.00
0.00
0.00
0.00
0.00
0.00
0.00
0.00
0.00
0.00
0.00
0.00
0.00
0.00
0.00
0.00
0.00
0.00
0.00
0.00
0.00
0.00
0.00
0.00
0.00
0.00
0.00
0.00
0.00
0.00
0.00
0.00
0.00
0.00
0.00
0.00
0.00
0.00
0.00
0.00
0.00
0.00
0.00
0.00
0.00
0.00
0.00
0.00
0.00
0.00
0.00
0.00
0.00
0.00
0.00
0.00
0.00
0.00
0.00
0.00
0.00
0.00
0.00
0.00
0.00
0.00
0.00
0.00
0.00
0.00
0.00
0.00
0.00
0.00
0.00
0.00
0.00
0.00
0.00
0.00
0.00
0.00
0.00
0.00
0.00
0.00
0.00
0.00
0.00
0.00
0.00
0.00
0.00
0.00
0.00
0.00
0.00
0.00
0.00
0.00
0.00
0.00
0.00
0.00
0.00
0.00
0.00
0.00
0.00
0.00
0.00
0.00
0.00
0.00
0.00
0.00
0.00
0.00
0.00
0.00
0.00
0.00
0.00
0.00
0.00
0.00
0.00
0.00
0.00
0.00
0.00
0.00
0.00
0.00
0.00
0.00
0.00
0.00
0.00
0.00
0.00
0.00
0.00
0.00
0.00
0.00
0.00
0.00
0.00
0.00
0.00
0.00
0.00
0.00
0.00
0.00
0.00
0.00
0.00
0.00
0.00
0.00
0.00
0.00
0.00
0.00
0.00
0.00
0.00
0.00
0.00
0.06
0.06
0.00
0.00
0.06
0.01
0.00
0.07
0.07
0.07
0.07
0.07
0.07
0.06
0.07
0.06
0.05
0.06
0.00
0.05
0.05
0.01
0.05
0.05
0.05
0.05
0.05
0.05
0.05
0.05
0.05
0.05
0.05
0.05
0.05
0.00
0.00
0.00
0.00
0.00
0.00
0.00
0.01
0.00
0.07
0.07
0.00
0.05
0.07
0.00
0.00
0.00
0.00
0.07
0.06
0.06
0.06
0.06
0.06
0.06
0.00
0.05
0.05
0.20
0.06
0.00
0.05
0.01
0.00
0.03
0.01
0.06
0.06
0.00
0.00
0.00
0.00
0.06
0.06
0.05
0.05
0.05
0.05
0.07
0.08
0.02
0.00
0.00
0.00
0.01
0.01
0.06
0.06
0.00
0.06
0.07
0.05
0.00
0.00
0.00
0.04
0.06
0.06
0.07
0.07
0.06
0.07
0.06
0.06
0.07
0.06
0.01
0.05
0.00
0.05
0.05
0.05
0.07
0.11
0.01
0.00
0.07
0.07
0.00
0.06
0.00
0.02
0.06
0.00
0.00
0.00
0.01
0.00
0.06
0.07
0.07
0.00
0.00
0.00
0.07
0.06
0.06
0.07
0.07
0.07
0.07
0.06
0.07
0.06
0.20
0.13
0.14
0.00
0.00
0.00
0.01
0.00
0.06
0.05
0.06
0.00
0.06
0.06
0.06
0.06
0.07
0.07
0.07
0.07
0.07
0.03
0.07
0.07
0.07
0.07
0.07
0.07
0.07
0.04
0.05
0.07
0.07
0.07
0.01
0.00
0.00
0.00
0.07
0.07
0.08
0.00
0.07
0.08
0.08
0.07
0.07
0.07
0.07
0.07
0.00
0.07
0.06
0.00
0.00
0.00
0.00
0.00
0.00
0.00
0.00
0.00
0.00
0.00
0.00
0.00
0.00
0.00
0.00
0.06
0.00
0.05
0.00
0.00
0.00
0.05
0.00
0.06
0.06
0.07
0.07
0.07
0.07
0.06
0.00
0.00
0.02
0.06
0.07
0.07
0.07
0.01
0.01
0.07
0.07
0.04
0.07
0.00
0.07
0.07
0.07
0.07
0.07
0.07
0.07
0.06
0.06
0.00
0.06
0.00
0.00
0.00
0.00
0.00
0.00
0.00
0.06
0.07
0.07
0.06
0.00
0.06
0.06
0.06
0.00
0.00
0.00
0.23
0.25
0.23
0.16
0.16
0.23
0.22
0.22
0.22
0.00
0.01
0.07
0.06
0.05
0.06
0.00
0.01
0.00
0.01
0.05
0.05
0.00
0.00
0.00
0.00
0.00
0.07
0.00
0.00
0.06
0.07
0.07
0.00
0.00
0.00
0.06
0.05
0.05
0.07
0.06
0.07
0.00
0.08
0.05
0.06
0.05
0.00
0.06
0.06
0.00
0.00
0.06
0.07
0.03
0.06
0.07
0.07
0.07
0.00
0.06
0.06
0.06
0.06
0.00
0.00
0.00
0.00
0.00
0.06
0.07
0.00
0.00
0.00
0.00
0.00
0.06
0.00
0.00
0.06
0.05
0.01
0.07
0.06
0.07
0.07
0.07
0.07
0.07
0.05
0.24
0.00
0.09
0.09
0.10
0.08
0.00
0.09
0.09
0.10
0.08
0.08
0.09
0.09
0.09
0.06
0.05
0.05
0.06
0.07
0.08
0.09
0.05
0.10
0.06
0.06
0.08
0.09
0.09
0.13
0.13
0.10
0.04
0.02
0.07
0.08
0.09
0.09
0.08
0.06
0.09
0.08
0.07
0.09
0.08
0.06
0.12
0.12
0.10
0.11
0.06
0.05
0.09
0.12
0.12
0.11
0.11
0.07
0.11
0.10
0.10
0.10
0.10
0.06
0.10
0.06
0.09
0.09
0.09
0.11
0.10
0.10
0.09
0.10
0.09
0.10
0.09
0.10
0.07
0.09
0.07
0.09
0.10
0.10
0.10
0.09
0.09
0.06
0.13
0.13
0.13
0.13
0.13
0.13
0.13
0.13
0.13
0.13
0.09
0.12
0.11
0.10
0.07
0.10
0.07
0.09
0.10
0.09
0.08
0.09
0.09
0.09
0.09
0.10
0.09
0.07
0.09
0.11
0.08
0.11
0.09
0.11
0.10
0.10
0.09
0.10
0.08
0.04
0.04
0.03
0.06
0.06
0.12
0.02
0.04
0.08
0.08
0.08
0.08
0.09
0.09
0.08
0.09
0.09
0.09
0.09
0.06
0.08
0.06
0.06
0.05
0.05
0.06
0.07
0.06
0.07
0.07
0.09
0.10
0.09
0.09
0.09
0.09
0.04
0.04
0.01
0.06
0.05
0.05
0.09
0.09
0.08
0.09
0.08
0.09
0.02
0.05
0.10
0.06
0.02
0.05
0.05
0.08
0.05
0.02
0.10
0.09
0.10
0.05
0.09
0.09
0.09
0.09
0.09
0.09
0.06
0.10
0.10
0.12
0.12
0.07
0.08
0.09
0.09
0.09
0.09
0.12
0.08
0.09
0.08
0.09
0.04
0.04
0.07
0.12
0.08
0.08
0.09
0.07
0.09
0.08
0.09
0.09
0.09
0.08
0.09
0.07
0.09
0.10
0.10
0.10
0.10
0.08
0.00
0.08
0.05
0.08
0.00
0.06
0.09
0.06
0.09
0.00
0.10
0.11
0.10
0.07
0.07
0.10
0.07
0.06
0.10
0.07
0.10
0.09
0.09
0.07
0.07
0.06
0.07
0.10
0.06
0.10
0.10
0.11
0.10
0.07
0.08
0.09
0.09
0.09
0.07
0.06
0.09
0.06
0.07
0.07
0.07
0.07
0.10
0.10
0.07
0.07
0.10
0.07
0.07
0.07
0.07
0.07
0.06
0.04
0.09
0.08
0.09
0.09
0.07
0.06
0.12
0.05
0.05
0.09
0.08
0.06
0.09
0.07
0.09
0.09
0.09
0.11
0.09
0.09
0.13
0.13
0.13
0.06
0.07
0.12
0.11
0.10
0.06
0.12
0.12
0.07
0.06
0.09
0.09
0.07
0.09
0.07
0.06
0.11
0.13
0.12
0.10
0.11
0.06
0.09
0.07
0.09
0.07
0.10
0.09
0.07
0.09
0.09
0.09
0.09
0.09
0.09
0.05
0.07
0.09
0.07
0.06
0.08
0.09
0.05
0.05
0.07
0.07
0.09
0.11
0.10
0.05
0.09
0.10
0.10
0.09
0.13
0.09
0.08
0.10
0.06
0.09
0.06
0.12
0.09
0.02
0.11
0.09
0.09
0.08
0.07
0.09
0.10
0.12
0.07
0.12
0.12
0.07
0.04
0.04
0.04
0.04
0.10
0.10
0.10
0.10
0.09
0.06
0.06
0.06
0.04
0.08
0.08
0.09
0.08
0.10
0.08
0.10
0.10
0.11
0.09
0.07
0.11
0.08
0.10
0.10
0.11
0.09
0.09
0.07
0.10
0.09
0.09
0.07
0.09
0.09
0.02
0.00
0.00
0.06
0.10
0.07
0.04
0.06
0.06
0.06
0.05
0.03
0.04
0.07
0.06
0.04
0.05
0.04
0.05
0.04
0.04
0.10
0.09
0.09
0.11
0.10
0.09
0.09
0.09
0.06
0.09
0.09
0.09
0.00
0.09
0.07
0.09
0.09
0.08
0.08
0.09
0.09
0.09
0.09
0.09
0.09
0.05
0.06
0.05
0.07
0.10
0.09
0.05
0.05
0.13
0.13
0.08
0.09
0.09
0.09
0.09
0.09
0.09
0.06
0.09
0.09
0.09
0.06
0.06
0.10
0.09
0.09
0.09
0.10
0.11
0.10
0.09
0.08
0.09
0.09
0.09
0.09
0.09
0.09
0.08
0.09
0.09
0.11
0.09
0.09
0.09
0.06
0.09
0.09
0.08
0.08
0.11
0.10
0.04
0.03
0.03
0.11
0.04
0.11
0.04
0.04
0.09
0.12
0.09
0.09
0.09
0.10
0.10
0.08
0.06
0.09
0.09
0.08
0.08
0.08
0.08
0.09
0.09
0.04
0.03
0.03
0.03
0.03
0.03
0.08
0.09
0.11
0.10
0.06
0.07
0.06
0.07
0.07
0.06
0.06
0.06
0.07
0.06
0.06
0.06
0.06
0.07
0.07
0.06
0.07
0.08
0.07
0.06
0.06
0.06
0.08
0.08
0.08
0.02
0.11
0.02
0.00
0.07
0.06
0.07
0.06
0.06
0.07
0.06
0.07
0.07
0.07
0.05
0.09
0.09
0.09
0.03
0.07
0.07
0.02
0.07
0.03
0.05
0.09
0.07
0.06
0.09
0.09
0.01
0.12
0.09
0.09
0.10
0.10
0.10
0.00
0.05
0.01
0.01
0.00
0.02
0.08
0.13
0.08
0.09
0.09
0.01
0.08
0.09
0.09
0.09
0.09
0.05
0.05
0.05
0.05
0.09
0.12
0.12
0.12
0.12
0.09
0.09
0.09
0.09
0.09
0.09
0.08
0.09
0.09
0.05
