4984
4808
4732
5072
5176
4964
5064
4740
4804
5020
4700
5056
5020
5020
4812
5072
4880
5104
4876
5160
4812
4976
5180
4956
5092
5124
5092
4808
5056
4892
5112
5080
5036
4856
4972
5068
5008
4740
5140
5116
4696
5120
5072
4700
5036
4956
5060
4776
4804
4952
4980
5080
4944
5016
4952
4756
5096
5100
4892
4724
5048
4924
5052
5036
5080
4772
5072
4932
5048
4948
4772
5028
4768
5124
4876
4972
4896
5000
4932
4832
4884
4776
4864
5044
4924
5176
4952
4832
4880
5012
5040
5020
5076
4944
5060
4988
4768
4896
5128
5256
4836
5088
5048
4960
4928
5040
5008
5052
5048
5088
5092
5036
4748
4864
4968
5112
4932
5072
4668
5012
4700
5016
4876
5016
5008
4976
4944
4828
4956
4872
4900
4728
5060
5040
4668
5040
4708
5084
4928
4748
4900
5028
5128
5120
5044
5212
4960
5056
4936
4996
4716
4924
5024
5116
4956
4844
4900
4964
4856
5052
4992
4980
5016
4908
4940
4696
5024
4952
4876
4912
5136
4928
4716
4740
4984
5032
5016
5088
5016
5068
5000
5000
4972
5120
5064
4880
4648
4784
4828
5056
5128
4936
5096
5064
4972
4984
4764
5044
4688
4952
4712
5016
5008
4692
4772
4956
5196
5144
4772
5028
5040
5044
4932
4844
4840
5052
5012
5004
4956
4992
4996
4968
4980
4876
5016
4708
5124
5076
5132
4784
4868
4960
5028
5024
4972
5012
4888
4944
4920
4976
4724
4904
4956
5104
4908
5088
4868
4932
5004
5036
4984
5048
4916
4780
5024
4892
4936
4868
4884
4836
4984
4876
5156
4728
4988
4996
4868
4800
4956
4672
4744
5048
4912
4884
5040
5008
4908
4932
5036
5016
4828
5016
5020
4872
5024
5008
5208
5040
5156
5152
5032
5064
5092
5004
5096
5096
5008
4972
4828
5108
4916
5080
5056
5092
4984
5084
5104
5140
4836
4976
5060
4728
4916
5060
4980
4896
4996
4980
5092
4912
4932
5052
4916
4836
4880
4880
5076
4596
4696
4796
4764
5148
4976
4820
4984
4912
4936
4588
4948
4880
5060
4936
5036
4992
5012
5112
4844
4964
5040
4832
4844
5068
4920
5072
5024
5024
5028
4940
4844
5032
5008
4692
5052
4848
4808
4736
5024
4956
4760
4872
5108
4976
4996
5020
4964
5052
5004
4916
4848
5036
4940
4956
5040
4692
4892
4796
4924
4784
5028
5108
5028
4800
4920
4876
4964
4892
5028
4804
4692
5036
5060
4992
4764
4716
4700
5192
4996
4912
4984
5036
4952
5024
4660
5048
4948
4916
4964
4876
4884
5000
4832
5024
4996
4920
4848
4936
4908
4724
4608
4880
4884
7204
5580
5268
5272
4972
5260
5176
4968
5156
5244
5212
5172
5036
5096
5136
5220
5244
6272
6268
6180
5920
5960
6172
6012
6064
6068
6464
5900
5912
6192
6124
6228
6372
6232
6176
5924
6176
6180
5972
6448
6012
7200
6060
6068
6208
6552
5996
6092
6480
6208
6120
6312
6136
6008
5872
5868
5924
5704
5920
6252
6200
6356
6460
6472
6260
5916
5996
5996
6196
6092
6220
6024
5976
6564
5996
6088
6312
6120
5988
6188
6172
6136
6628
5932
6140
6164
6284
6016
6096
6296
6092
5972
6308
6012
5952
5928
6400
6276
6072
6480
6040
6036
6204
6652
6696
5952
6188
6072
6260
5860
5960
6236
6120
6328
5992
6152
6068
6116
6228
5876
6248
6516
6096
6296
6100
6280
6100
6276
6160
6352
6036
6768
6096
6220
5956
6008
6252
6116
6504
6304
5964
6052
5972
6212
6040
6416
6676
6008
6340
6052
5872
6096
6676
6292
6360
6148
6160
6108
6400
6264
6056
6004
6220
6080
6196
5900
5824
6744
5984
6380
6120
6136
6228
6176
6188
6212
5936
6132
6596
6320
6268
5804
5824
6448
6320
6236
6188
6000
6188
6196
6260
6152
6424
6424
6640
6104
6300
6024
6232
6456
6036
6180
6248
6212
6236
6648
6320
6464
6256
6240
6228
6116
6252
6440
6020
5804
5964
6172
5608
6104
6460
6180
6236
6480
6192
6192
6340
6080
5864
6628
6200
6776
6100
6248
6160
6296
6388
6184
6196
6192
6224
6408
6176
6336
5872
6212
6000
6320
6216
6300
6360
5896
6180
6036
5844
6052
5964
6008
5872
6392
6000
6144
6052
5924
6200
6036
6144
6064
6012
6084
6220
6688
6028
6084
6476
6064
6116
6096
6312
6184
6044
5928
6220
7628
6672
7612
6496
6428
6540
6476
6520
7356
6888
7116
6444
6212
6096
6792
6324
6568
5920
6812
6312
6608
6476
6896
6436
5976
6640
6988
6068
6384
6612
6520
6672
6388
6592
6324
6500
6532
6492
6800
6516
6372
6360
6472
6276
6648
6776
6256
6612
6432
6604
6344
6968
6764
6876
6360
6660
6708
6872
6492
6080
6452
7084
6340
6688
6808
6564
6732
6552
6536
6400
6724
6372
6300
6188
6688
6528
6404
6728
6668
6592
6868
6376
6652
6452
7216
7168
6828
6396
6480
6604
6724
6280
6356
6840
6616
6480
6652
6536
6300
6484
6352
6460
6196
7068
6424
7372
6684
6148
6336
6756
5716
6564
6752
6300
6432
6356
6496
6244
5716
6588
6352
6512
5528
5452
5608
5712
5552
5248
5096
5516
5672
5500
5612
5528
5572
5448
5476
5428
5356
5488
5192
5840
5564
5424
5552
5704
5584
5600
5588
5576
5376
5516
5396
5572
5580
5524
6320
5256
5604
5516
5704
5568
6724
5592
5584
5564
5400
6496
6240
9028
8704
8780
9904
9428
8372
8616
9232
9532
9320
8196
7984
8540
8688
8692
8888
8304
8076
8160
8284
8088
8728
8516
9484
7944
9256
7892
8556
9660
8404
9460
10004
8788
8928
8700
8252
9136
9108
8468
8392
8580
8484
8296
8668
7948
7904
9832
9620
8588
9336
8972
8804
8500
7928
7712
8892
10100
8976
11076
11892
10316
9336
5600
5588
5672
5712
6296
5916
5804
5620
5540
5796
5728
5780
5932
5628
10972
5944
10644
8476
4880
4776
4784
4464
4744
4788
4688
4720
4772
4552
4504
4680
4728
4552
4728
4808
4888
4836
4936
4776
4880
4824
5604
5964
6096
6088
5956
6024
6388
6456
6512
6120
6652
6800
7912
6492
5240
5388
5264
5572
5300
5584
5292
4984
5096
4964
4688
5260
4888
5184
5608
6168
5248
4900
5136
5148
5112
4892
5252
5148
5208
5080
5092
4956
5104
5036
5104
5020
5256
5060
5148
5096
5216
4976
4948
5100
5024
4920
4952
4812
5316
4992
5092
4800
5368
4992
4900
5168
5108
5052
5052
4784
5000
4864
4852
4648
4692
4900
4964
5116
5220
4824
5020
5032
5100
5184
5036
4760
5032
4844
5544
5104
5648
5188
5484
5644
5600
5232
5084
4852
4880
4904
4764
5012
5076
5156
5028
5124
5132
5156
5032
5116
5968
5476
4844
5308
6300
5648
5968
7832
6416
6148
6716
5880
5736
5316
5012
5256
5200
5332
5260
5316
5060
6020
6448
7016
6756
7468
5568
5472
5216
5492
5480
7940
5372
5672
5692
5248
5272
5268
5436
5792
5428
6224
6900
7332
5960
5648
7452
6084
7472
5788
5716
7268
5728
5220
5804
6700
6600
6632
8088
6588
5996
5276
5464
5576
5616
5568
5608
5672
5624
6108
5624
5532
5552
5360
5724
6380
6024
5616
7608
5272
5332
5180
5552
6596
5780
6336
6292
6636
5568
6112
5948
5580
6280
5580
5592
6180
5500
6212
5500
5696
7260
6304
5328
6780
6432
6352
5752
5212
4920
5232
5236
6292
6268
6032
6048
5920
5644
6016
6096
7100
6608
6360
6216
6348
5992
6956
5568
6428
6800
5952
5908
6484
5980
5928
5996
6304
6572
6524
6652
6512
6312
6248
5916
6648
6544
6728
6228
6580
6448
5836
6688
6664
6296
6260
6868
5776
6724
6972
6208
5812
6456
5808
5892
5892
6612
6024
5756
5784
6464
5692
7084
6016
6500
6496
6144
5952
6388
5872
6060
6112
5752
7244
6316
6640
5752
6424
5796
5676
5696
5736
5680
5776
5864
6260
5668
5948
5976
5668
5676
5660
5588
5652
5792
5444
6084
6224
6464
6004
6096
6016
6520
6096
6324
6448
6696
5848
6196
5808
5752
6604
6960
6644
6884
6384
6356
6616
5880
6608
6376
6664
5504
6392
6196
6232
6284
6592
7108
5968
5764
5968
5792
6048
5860
9312
4764
4856
4672
4900
4844
4820
4780
4556
4732
4708
4568
4736
4736
4880
4804
4768
4820
4852
4852
4744
4860
4632
4872
4872
4876
4804
4884
4832
4824
4796
4516
4524
4716
4720
4852
4824
4816
4620
4912
4572
4888
4904
4900
4888
4880
4916
4880
4892
4872
4804
4792
4820
4900
4540
4828
4924
4552
4804
4824
4876
4844
4864
4872
4784
4672
4768
4900
4708
4724
4488
4812
4872
4896
4872
4724
4484
4832
4836
4836
4884
4836
4776
4836
4824
4540
4708
4864
4536
4716
4864
4700
4868
4836
4648
4824
4752
4900
4844
4924
4852
4804
4904
4716
4772
4480
4920
4912
4872
4860
4836
4752
4488
4444
4816
4792
4452
4684
4672
4624
4744
4764
4756
4736
4564
4680
4692
4532
4572
4620
9324
4456
4544
4764
4584
4840
4708
4752
4672
4708
4700
4532
4796
4672
4836
4592
4832
4860
4664
4792
4716
4580
4512
4436
4748
4528
4620
4792
4440
4396
4800
4736
4532
4600
4580
4756
4720
4444
4752
4444
4704
4624
4772
4624
4568
4412
4852
4580
4788
4856
4564
4604
4688
4400
4828
4416
4756
4520
4732
4740
4584
4844
4760
4580
4848
4440
4396
4756
4640
4580
4668
4744
4748
4720
4736
4752
4684
4628
4848
8556
4680
4796
4528
4744
4448
4760
4572
4764
4704
4700
4596
4700
4900
4832
4640
4760
4712
4736
4744
4752
4740
4680
4560
4796
4604
4764
4728
4600
4388
4432
4708
4756
4432
4744
4832
4900
4744
4680
4448
4624
4660
4816
4748
4696
4784
4660
4612
4448
4800
4648
4672
4748
4640
4836
4780
4736
5824
4460
4756
4876
4844
4488
4680
6116
4696
9124
6156
4700
4580
4596
4408
4816
4836
4768
4572
4504
4752
4740
4556
8604
4404
4744
8264
6672
4748
4472
4760
4692
4576
4640
6376
4788
4840
4652
4792
4652
4404
4404
4720
4736
4452
4772
4784
4884
4712
4864
4768
6732
6320
4576
4736
4604
4856
4776
4736
4736
4788
4644
4628
4764
4832
4568
4584
4796
4672
4748
4748
4696
4764
4612
4732
4964
4640
4852
4692
4748
4652
4736
4820
4712
4576
4596
4788
4660
8488
4436
4468
4700
4744
4768
4396
4776
4600
4628
4680
4852
4856
4688
4764
4844
4828
4452
4452
4420
4748
4744
4700
4512
4772
4684
4600
4748
4728
4628
4576
4776
4772
4880
4760
4712
4724
4612
4792
4744
4868
6208
4560
4808
4612
4684
4696
4852
4628
4732
4764
4756
4764
4676
4704
4772
4688
4736
4740
4852
4752
4592
8460
4564
4684
4640
4744
4840
4696
4704
4856
4656
4584
4824
4572
4596
4804
4752
4856
4620
4844
4456
4656
4620
4844
4516
4792
4536
4784
4876
4804
4592
4764
4752
4456
4716
4732
4684
4628
4724
4644
4732
4844
4744
4688
4444
4844
4844
4648
4636
4756
4752
4876
4700
4800
4740
4616
4800
4648
4460
4764
4596
4748
4776
4612
4400
4628
4624
4772
4848
4756
4768
4436
4652
4500
4796
4728
4456
4612
4748
4844
4572
4768
4572
4772
4764
4800
4704
4812
4692
4656
4884
4768
4772
4876
4732
4664
4720
4872
4612
4752
4800
5096
4968
5136
5232
4912
5124
4940
4592
4740
4928
4756
4868
4964
4708
4744
4824
4928
4700
4700
4952
4992
4588
4828
5004
5000
4968
5008
4888
4900
5032
4840
4972
5072
5044
5008
4844
4864
4788
4660
4520
4772
4880
4836
4628
4864
4528
4860
4684
4464
4508
4644
4792
4652
4760
4404
4784
4764
4756
4632
4788
4732
4576
4764
4684
4412
4816
4432
4844
4428
4416
4572
4772
4768
4440
4780
4792
4816
4744
4564
4748
4440
4748
4632
4552
4632
4768
4596
4400
4776
4860
4904
4868
4888
4796
4892
4664
4800
4832
4716
4856
4644
4908
4896
4444
4700
4656
4616
4616
4840
4660
4688
4664
4836
4484
4768
4876
4604
4688
4572
4688
4812
4876
4608
4568
4816
4604
4768
4764
4664
4852
4672
4428
4788
4584
4864
4400
4464
4460
4532
4744
4760
4688
4800
4732
4748
4752
4404
4480
4688
4720
4712
4804
4840
4448
4396
4768
4784
4808
4716
4744
4604
4732
4732
4748
4584
4720
4816
4428
4592
4780
4464
4460
4772
4628
4836
4716
4440
4444
4464
4628
4880
4636
4840
4916
4788
4880
4712
4796
4820
4668
4860
4700
4780
4820
4660
4852
4892
4792
4796
4796
4712
4860
4684
4672
4840
4716
4848
5204
5280
5192
4688
4672
4752
4636
4976
4856
4828
4648
4896
4924
4864
4912
4904
5196
5264
5272
5088
5232
5244
5252
5296
5268
5180
5120
4840
4612
4860
4768
4808
4852
4856
4740
4792
4692
4452
4488
4592
4588
4700
4840
4724
4484
4776
4636
4628
4840
4768
4516
4456
4820
4764
4656
4632
4864
4644
4604
4696
4620
4612
4772
4684
4744
4856
4788
4804
4748
4704
4800
4752
4496
4884
4860
4700
4904
4732
4540
4736
4756
4704
4760
4484
4776
4760
4828
4704
4744
4640
4812
4768
4788
4516
4844
4464
4608
4848
4744
4604
4812
4704
4700
4788
4592
4676
4692
4652
4860
4468
4736
4840
4656
4724
4808
4784
4424
4764
4580
4692
4772
4640
4684
4468
4808
4864
4464
4804
4816
4864
4752
4700
4812
4608
4844
4692
4532
4652
4524
4700
4788
4704
4612
4844
4828
4460
4752
4836
4872
4788
4832
4812
4608
4740
4456
4888
4696
4728
4752
4692
4836
4572
4788
4520
4692
4720
4636
4480
4764
4772
4476
4704
4676
4800
4776
4844
4472
4644
4560
4524
4584
4688
4708
4696
4544
4604
4732
4452
4836
4800
4836
4784
4732
4752
4696
4764
4576
4672
4628
4776
4760
4596
4776
4744
4756
4468
4732
4700
4448
4812
4840
4652
4784
4724
4864
4548
4668
4748
4700
4884
4820
4620
4716
4528
4772
4748
4616
4656
4748
4696
4788
4664
4772
4780
4460
4788
4756
4520
4856
4424
4724
4856
4776
4748
4848
4648
4844
4700
4432
4856
4712
4604
4788
4764
4760
4456
4772
4820
4796
4788
4504
4720
4888
4784
4644
4636
4852
4772
4428
4808
4792
4868
4844
4772
4532
4756
4836
4720
4784
4676
4828
4872
4888
4812
4588
4748
4476
4872
4708
4632
4428
4588
4880
4756
4828
4672
4776
4476
4780
4820
4632
4684
4776
4448
4428
4740
4824
4612
4608
4672
4636
4868
4468
4520
4752
4876
4404
4708
4616
4632
4604
4708
4812
4844
4760
4764
4816
4784
4720
4768
4672
4780
4848
4684
4860
4680
4812
4748
4476
4792
4628
4464
4816
4808
4764
4784
4444
4768
4644
4648
4848
4808
4788
4636
4760
4784
4612
4712
4448
4884
4468
4884
4624
4772
4728
4764
4780
4476
4884
4756
4728
4884
4852
4856
4440
4860
4740
4772
4832
4776
4536
4620
4852
4848
4540
4764
4424
4704
4772
4684
4784
4812
4880
4792
4792
4796
4772
4720
4892
4580
4708
4560
4436
4824
4760
4748
4812
4744
4800
4648
4780
4716
4476
4788
4748
4864
4792
4676
4736
4784
4856
4632
4736
4532
4544
4620
4772
4576
4752
4816
4656
4460
4700
4696
4860
4728
4708
4800
4836
4776
4812
4772
4784
4896
4780
4768
4796
4728
4776
4868
4800
4412
4728
4784
4880
4640
4864
4592
4764
4868
4520
4768
4780
4624
4756
4816
4816
4472
4864
4508
4724
4824
4784
4892
4800
4440
4868
4480
4704
4856
4688
4684
4856
4764
4596
4876
4804
4800
4504
4452
4796
4772
4604
4696
4724
4608
4872
4744
4856
4796
4688
4772
4424
4692
4808
4796
4868
4460
4592
4764
4908
4616
4784
4684
4472
4872
4684
4864
4672
4804
4756
4840
4844
4768
4832
4772
4712
4792
4712
4756
4640
4848
4788
4732
4620
4704
4876
4592
4880
4636
4832
4596
4728
4784
4476
4696
4760
4876
4708
4692
4700
4744
4756
4900
4472
4804
4440
4772
4776
4772
4644
4464
4684
4824
4844
4548
4772
4720
4712
4612
4612
4764
4740
4476
4764
4784
4720
4768
4776
4852
4784
4784
4684
4768
4852
4568
4696
4760
4804
4448
4656
4840
4848
4456
4828
4816
4828
4868
4764
4456
4784
4768
4692
4648
4784
4828
4816
4464
4784
4824
4884
4748
4844
4788
4616
4552
4776
4880
4876
4752
4820
4868
5024
4756
4700
4716
4924
5036
4724
4940
4964
5040
5092
4908
4952
5004
4772
5020
4916
4872
5012
4796
5040
4832
4900
4988
4856
4712
4684
4952
4900
4924
4944
4688
4876
4768
4872
4720
4788
4836
4888
4704
4848
4980
4780
5004
4980
4884
4828
4840
4788
5012
5012
4884
5068
5048
5048
4684
4824
4828
4724
5032
4976
4744
4956
4564
4876
4620
4712
5012
4624
4852
4852
4812
4836
5028
4872
4948
4840
4948
4852
4712
5068
4828
4848
4744
4728
4884
4900
4636
4992
4708
4960
4956
4964
4704
4716
4864
4828
5032
5040
4964
4868
4972
5028
5064
4864
4620
4748
4572
4856
4824
4660
5004
4936
5056
4964
4876
4680
4848
5008
4768
5020
4736
4840
4684
4776
4552
4720
4808
4872
4692
5008
4812
4884
4776
4640
5072
4960
4948
5056
4768
4844
4852
5076
5072
5048
5160
5120
5060
4688
4696
4644
4572
4884
4960
4952
4712
4768
4960
4988
5080
4824
5068
4980
4964
4884
4732
4772
4932
4992
4968
5044
5028
4936
4956
4836
4888
4932
4996
4848
4776
4792
4800
4704
4968
5028
4896
4548
4928
5012
4856
4812
5076
4940
5068
4856
4860
5000
4836
4716
4812
4868
4752
4860
4812
4716
4848
4884
4888
4744
4472
4828
4780
4828
4716
4916
4464
4972
4872
4540
4864
4868
4848
4888
4880
4824
4740
5032
4832
4972
4788
4808
4856
4944
4892
4780
4848
4660
4928
4996
5008
4808
4896
4692
5060
5020
4716
4728
4912
4960
5020
5036
5000
4676
4964
4736
4768
4672
4876
4808
4832
4688
4876
5092
4908
4964
4872
4760
4936
5000
4860
4900
4776
5200
5316
5168
5168
5212
5328
5240
5080
5116
4800
4848
4968
5108
5044
4708
4880
4812
4860
4892
4956
4820
4700
4872
4432
4748
4812
4912
4764
4636
4884
4976
4988
4724
4756
4788
4836
5004
4956
5044
4944
5064
4684
5040
5016
5052
4904
4708
4872
4904
4704
4860
5020
4972
5000
4676
5012
4980
5036
4700
5020
4968
4856
4984
4904
4916
4572
4548
4488
5052
4952
4668
4816
4764
4844
4884
4788
4568
4748
4956
5056
4616
4956
5012
4996
4968
4668
4932
4828
4996
4908
4804
5112
5008
5148
5052
4696
4772
5048
5092
4752
5024
5008
5080
4888
4916
4820
4940
4964
4912
5072
5120
4864
4892
4932
4936
5052
5128
4884
5060
5020
5084
4800
4976
4844
5112
5096
4944
4884
4708
4780
4956
4816
4896
5068
5016
5032
4868
5084
5096
4996
4916
5032
5008
4968
4928
5076
4968
5168
5092
5048
5020
4752
4644
5036
5076
5008
5012
5072
5072
4772
5124
5152
4716
5060
5096
5000
4948
5032
4984
4984
5064
4692
5068
4788
4760
4744
4704
5176
5064
4892
4880
5128
5004
5184
5160
4888
5028
5032
4816
5032
5132
4872
4992
5084
5000
5020
5088
4948
5052
4964
4712
5056
5028
4980
5028
5100
5192
5044
5112
5104
5108
5212
5244
4748
5064
4864
4892
5064
4788
5080
4992
5180
4592
5012
4748
4884
4720
4920
4968
5000
4992
5012
4936
5052
4912
4964
4956
4972
4988
4824
4944
5028
4868
4944
4904
4896
4696
5048
5056
5056
4728
4824
4928
4964
4868
5004
4860
4684
4892
4952
5116
4956
4744
4880
4764
4916
5008
4644
4592
4856
4948
4880
5020
4920
5104
4912
5072
5036
5040
4760
5088
4936
5012
4780
4672
5136
5168
4792
5164
5108
4932
5100
5080
5100
4744
5176
4992
5084
4992
4956
4992
4988
5092
5096
5068
5088
5032
5128
5032
4904
5132
4964
4680
4964
5092
4964
5012
5016
4900
5084
5068
4812
4868
5036
5036
5040
4784
4960
5088
4888
4712
4688
4884
5080
5048
4940
4872
5004
4872
4972
4944
4680
4732
5036
5076
4988
4956
5036
4968
5116
4920
5028
5052
5108
5132
4928
4956
5012
5116
5076
4916
4860
4912
5004
5024
5072
4804
5012
5112
5064
5060
4952
4724
4868
4992
5020
4968
4872
4984
4928
4896
5020
5056
4904
4796
5036
5104
4872
4808
5080
5024
5032
4964
5004
4984
5036
4780
4816
4912
5124
5092
5120
4800
4836
5012
5104
5096
5116
4616
5172
4820
5048
5072
4788
4776
4924
5096
4836
4704
4964
5056
5076
4932
5040
4908
5036
4972
5040
4988
5200
5096
4984
4988
4916
5108
5104
4732
5020
4868
5028
5064
4864
4684
4896
4756
4944
4804
4960
4984
4988
5072
4976
5076
4764
5096
5040
5044
5156
4908
4968
5156
4712
5012
4988
4792
5104
4948
4716
4984
5056
5032
4864
5068
5168
5112
4972
5156
4804
4972
4816
5032
4828
4928
5152
4904
4896
5084
4996
4920
5008
5024
5012
5000
4928
5028
4984
4972
4956
5052
4992
5128
5040
5092
5140
4908
5052
5028
4972
4876
4780
5000
5072
4980
4780
5008
4756
5084
4940
4764
4556
4952
4932
4984
4940
4752
4736
4776
4924
4976
4984
5020
5068
4844
4780
4896
4868
5028
4860
4992
4996
5092
5152
5028
5044
5096
5092
4996
5032
5112
4788
4556
5056
4980
5004
5032
4912
5068
4860
5072
5004
5004
5016
4904
4992
4708
4848
5072
5048
4748
5016
4780
4896
4956
5080
4956
4964
4728
5160
5020
5060
4952
4700
4768
5004
5060
4940
4764
5100
5124
4900
4800
5056
4732
5024
5108
4900
4764
4980
4880
4976
5068
4952
5048
5084
5044
5084
5036
5004
5000
5032
5076
5044
4888
5056
5028
5004
5044
4884
5132
4936
4940
4640
4948
5124
4976
4984
4964
4940
4916
5008
5032
5008
4996
5092
4872
5108
5056
5100
4752
4996
4688
4948
4636
4656
5004
5000
5084
5112
4988
5084
5048
5068
5020
4688
5044
4936
5028
5012
4960
4876
5052
5068
4936
5068
5020
4912
5024
5156
4848
5008
4688
4864
4732
5040
5052
4880
4988
4932
4880
5076
5036
4928
5056
4652
5020
5028
5040
5012
5020
5056
4752
4944
4776
4788
4860
4984
4784
4840
4904
4980
5124
4844
4952
5088
5016
4940
4812
5020
5068
4916
5052
4736
4888
4968
4844
4560
4612
4640
5124
5112
4944
5124
4892
4532
5056
4788
4860
5064
4744
4928
5004
4984
5008
4884
5104
4828
5168
5032
5080
4988
5000
5024
4956
5092
4764
5056
5120
5040
