0.01
0.01
0.00
0.02
0.03
0.01
0.01
0.02
0.01
0.01
0.01
0.02
0.01
0.02
0.01
0.01
0.02
0.03
0.01
0.02
0.02
0.03
0.02
0.00
0.02
0.02
0.03
0.04
0.03
0.02
0.03
0.02
0.01
0.01
0.02
0.02
0.01
0.01
0.03
0.03
0.01
0.02
0.03
0.01
0.01
0.01
0.02
0.00
0.04
0.03
0.00
0.01
0.01
0.01
0.01
0.00
0.01
0.02
0.01
0.01
0.04
0.02
0.02
0.01
0.02
0.02
0.01
0.01
0.02
0.02
0.03
0.02
0.01
0.02
0.02
0.01
0.01
0.01
0.02
0.01
0.01
0.01
0.01
0.01
0.01
0.04
0.01
0.01
0.01
0.01
0.02
0.01
0.02
0.01
0.02
0.01
0.02
0.02
0.03
0.04
0.01
0.01
0.02
0.01
0.02
0.01
0.02
0.01
0.02
0.02
0.02
0.01
0.01
0.01
0.02
0.01
0.01
0.01
0.01
0.01
0.01
0.01
0.00
0.01
0.01
0.01
0.01
0.01
0.01
0.01
0.01
0.01
0.01
0.01
0.01
0.01
0.01
0.02
0.01
0.01
0.01
0.01
0.02
0.02
0.02
0.03
0.01
0.02
0.01
0.01
0.01
0.02
0.03
0.02
0.01
0.00
0.00
0.01
0.01
0.03
0.02
0.01
0.02
0.02
0.01
0.01
0.01
0.01
0.01
0.03
0.02
0.02
0.01
0.01
0.01
0.02
0.02
0.02
0.01
0.02
0.02
0.02
0.01
0.02
0.02
0.00
0.00
0.04
0.01
0.04
0.02
0.01
0.02
0.02
0.01
0.01
0.02
0.01
0.01
0.02
0.01
0.01
0.01
0.01
0.01
0.00
0.02
0.02
0.01
0.02
0.02
0.01
0.01
0.01
0.01
0.01
0.01
0.03
0.01
0.01
0.02
0.02
0.01
0.01
0.01
0.01
0.02
0.03
0.04
0.01
0.01
0.01
0.01
0.02
0.01
0.01
0.00
0.01
0.02
0.01
0.01
0.01
0.01
0.02
0.00
0.04
0.01
0.01
0.02
0.01
0.01
0.02
0.01
0.02
0.01
0.01
0.02
0.01
0.02
0.01
0.00
0.01
0.03
0.02
0.01
0.01
0.01
0.01
0.01
0.01
0.01
0.01
0.01
0.01
0.02
0.02
0.02
0.02
0.01
0.01
0.01
0.05
0.01
0.01
0.03
0.01
0.03
0.02
0.01
0.02
0.02
0.01
0.02
0.02
0.02
0.02
0.02
0.02
0.04
0.03
0.01
0.01
0.01
0.04
0.02
0.01
0.02
0.03
0.01
0.00
0.01
0.02
0.02
0.02
0.01
0.01
0.01
0.02
0.03
0.01
0.01
0.02
0.02
0.01
0.02
0.02
0.03
0.01
0.01
0.01
0.00
0.03
0.01
0.01
0.02
0.02
0.02
0.00
0.01
0.00
0.01
0.01
0.01
0.01
0.01
0.01
0.00
0.00
0.01
0.01
0.01
0.01
0.01
0.02
0.02
0.02
0.01
0.01
0.01
0.01
0.01
0.01
0.01
0.01
0.01
0.01
0.02
0.02
0.01
0.01
0.02
0.01
0.01
0.01
0.01
0.01
0.02
0.02
0.01
0.01
0.02
0.01
0.02
0.01
0.02
0.01
0.00
0.01
0.01
0.01
0.01
0.01
0.02
0.01
0.03
0.01
0.02
0.01
0.01
0.01
0.02
0.01
0.02
0.01
0.01
0.04
0.01
0.01
0.01
0.01
0.01
0.01
0.01
0.02
0.02
0.01
0.01
0.01
0.01
0.01
0.01
0.01
0.01
0.02
0.01
0.01
0.01
0.01
0.00
0.00
0.01
1.66
0.21
0.05
0.04
0.02
0.04
0.05
0.02
0.05
0.06
0.03
0.03
0.02
0.03
0.02
0.05
0.04
0.50
0.44
0.47
0.39
0.39
0.39
0.41
0.35
0.45
0.51
0.32
0.41
0.39
0.33
0.45
0.51
0.46
0.39
0.32
0.37
0.40
0.30
0.56
0.38
0.97
0.44
0.36
0.63
0.54
0.36
0.45
0.52
0.46
0.35
0.53
0.36
0.39
0.36
0.37
0.41
0.38
0.29
0.47
0.51
0.63
0.68
0.78
0.46
0.43
0.39
0.36
0.49
0.56
0.44
0.46
0.36
0.67
0.39
0.46
0.58
0.48
0.47
0.52
0.44
0.55
0.77
0.33
0.43
0.42
0.55
0.43
0.42
0.65
0.49
0.33
0.72
0.40
0.36
0.35
0.58
0.56
0.42
0.71
0.38
0.42
0.46
0.72
0.73
0.37
0.49
0.40
0.50
0.32
0.46
0.47
0.47
0.46
0.43
0.35
0.44
0.37
0.56
0.34
0.46
0.69
0.38
0.49
0.46
0.50
0.44
0.57
0.39
0.54
0.36
0.77
0.44
0.56
0.40
0.37
0.54
0.50
0.77
0.53
0.38
0.36
0.34
0.52
0.58
0.57
0.68
0.41
0.45
0.40
0.40
0.37
0.67
0.50
0.51
0.46
0.44
0.47
0.51
0.51
0.38
0.37
0.53
0.38
0.46
0.35
0.31
0.75
0.43
0.61
0.42
0.45
0.42
0.46
0.45
0.48
0.46
0.45
0.64
0.47
0.40
0.38
0.47
0.66
0.52
0.40
0.40
0.40
0.65
0.47
0.48
0.38
0.68
0.60
0.70
0.34
0.55
0.40
0.46
0.55
0.44
0.45
0.44
0.41
0.53
0.58
0.49
0.68
0.48
0.44
0.44
0.51
0.38
0.51
0.32
0.35
0.46
0.38
0.37
0.55
0.60
0.50
0.50
0.62
0.37
0.39
0.45
0.51
0.29
0.66
0.51
0.76
0.39
0.62
0.38
0.52
0.49
0.46
0.51
0.43
0.35
0.48
0.41
0.54
0.38
0.51
0.39
0.49
0.49
0.50
0.49
0.40
0.46
0.40
0.39
0.38
0.34
0.39
0.38
0.61
0.36
0.46
0.35
0.34
0.49
0.35
0.50
0.45
0.58
0.49
0.42
0.77
0.56
0.47
0.60
0.48
0.51
0.68
0.69
0.40
0.39
0.37
0.54
1.45
0.79
1.53
0.66
0.51
0.71
0.69
0.63
1.38
0.91
1.26
0.73
0.65
0.53
0.86
0.56
0.76
0.45
0.97
0.63
0.74
0.88
1.02
0.68
0.44
0.73
1.18
0.46
0.73
0.80
0.70
0.80
0.57
0.80
0.52
0.71
0.82
0.63
0.88
0.73
0.60
0.57
0.64
0.56
0.52
0.83
0.55
0.79
0.74
0.67
0.56
1.02
0.90
0.86
0.63
0.72
0.76
0.87
0.71
0.40
0.55
1.04
0.70
0.77
0.85
0.83
0.82
0.86
0.72
0.57
0.73
0.59
0.62
0.68
0.97
0.66
0.72
0.87
0.72
0.89
1.17
0.55
0.91
0.68
1.44
1.25
0.93
0.68
0.80
0.78
0.76
0.55
0.58
0.94
0.94
0.78
0.88
0.78
0.54
0.77
0.60
0.63
0.55
1.13
0.71
1.19
0.88
0.49
0.54
0.84
0.27
0.72
0.90
0.61
0.65
0.68
0.59
0.48
0.44
0.68
0.61
0.67
0.24
0.16
0.20
0.22
0.18
0.19
0.11
0.27
0.18
0.17
0.15
0.10
0.16
0.15
0.14
0.20
0.21
0.14
0.14
0.36
0.17
0.16
0.17
0.21
0.17
0.16
0.15
0.17
0.13
0.15
0.15
0.20
0.18
0.18
0.64
0.18
0.18
0.13
0.19
0.18
1.08
0.15
0.20
0.12
0.14
0.67
0.44
2.18
1.82
1.96
2.43
2.36
1.59
1.90
2.49
2.75
2.82
1.54
1.50
1.69
1.74
1.98
2.17
1.90
1.45
1.57
1.74
1.67
2.22
1.85
2.41
1.24
2.43
1.56
1.96
2.71
2.01
2.43
3.04
2.18
2.15
2.11
2.06
2.03
2.12
1.98
1.70
1.79
1.79
1.57
2.05
1.80
1.56
2.48
2.84
1.96
1.95
2.05
1.68
1.94
1.75
1.87
1.86
2.75
1.52
3.38
6.15
4.20
2.38
0.22
0.22
0.24
0.24
0.73
0.34
0.32
0.23
0.40
0.31
0.33
0.25
0.40
0.37
5.23
0.43
3.47
1.95
0.00
0.00
0.00
0.00
0.00
0.00
0.00
0.00
0.00
0.00
0.00
0.00
0.00
0.00
0.00
0.00
0.00
0.00
0.00
0.00
0.00
0.00
0.26
0.41
0.42
0.43
0.36
0.38
0.67
0.39
0.82
0.38
0.77
0.83
1.56
0.77
0.06
0.11
0.07
0.17
0.04
0.25
0.14
0.01
0.02
0.00
0.01
0.11
0.01
0.03
0.15
0.77
0.16
0.02
0.08
0.05
0.05
0.05
0.05
0.03
0.04
0.01
0.04
0.02
0.02
0.02
0.02
0.04
0.07
0.10
0.04
0.05
0.06
0.01
0.01
0.04
0.02
0.01
0.01
0.01
0.05
0.06
0.03
0.04
0.09
0.03
0.03
0.03
0.02
0.02
0.02
0.01
0.01
0.00
0.00
0.00
0.01
0.00
0.03
0.02
0.05
0.03
0.01
0.01
0.02
0.02
0.02
0.01
0.02
0.05
0.20
0.02
0.16
0.04
0.12
0.14
0.23
0.08
0.02
0.01
0.00
0.01
0.01
0.01
0.02
0.03
0.03
0.04
0.03
0.03
0.04
0.05
0.53
0.15
0.01
0.24
0.64
0.25
0.40
2.21
0.78
0.69
1.13
0.55
0.30
0.07
0.02
0.06
0.07
0.09
0.10
0.07
0.01
0.49
0.99
1.23
0.72
1.41
0.17
0.12
0.08
0.16
0.14
2.25
0.08
0.22
0.22
0.10
0.10
0.09
0.15
0.23
0.10
0.62
1.20
1.75
0.46
0.25
1.44
0.40
1.47
0.32
0.24
1.17
0.17
0.08
0.30
0.88
0.68
0.81
1.70
0.71
0.54
0.13
0.14
0.16
0.29
0.15
0.15
0.19
0.17
0.53
0.15
0.15
0.11
0.13
0.24
0.83
0.54
0.14
1.32
0.16
0.16
0.13
0.18
0.63
0.36
0.62
0.62
0.72
0.11
0.53
0.56
0.22
0.70
0.15
0.21
0.74
0.17
0.58
0.13
0.21
1.10
0.73
0.16
0.76
1.05
0.78
0.17
0.04
0.03
0.06
0.07
0.45
0.57
0.38
0.52
0.33
0.29
0.42
0.36
1.31
0.72
0.70
0.42
0.60
0.34
0.93
0.26
0.51
1.04
0.35
0.39
0.70
0.40
0.35
0.41
0.58
0.75
0.65
0.77
0.73
0.55
0.61
0.36
0.90
0.56
1.06
0.54
0.73
0.55
0.36
0.74
0.78
0.61
0.55
1.27
0.27
0.95
1.33
0.71
0.26
0.69
0.41
0.38
0.32
0.75
0.36
0.36
0.30
0.79
0.29
1.24
0.33
0.59
0.68
0.45
0.27
0.71
0.32
0.47
0.47
0.37
1.26
0.54
0.81
0.26
0.71
0.36
0.27
0.34
0.40
0.29
0.31
0.40
0.56
0.30
0.46
0.37
0.22
0.31
0.26
0.29
0.22
0.40
0.25
0.38
0.63
0.67
0.37
0.46
0.34
0.68
0.45
0.58
0.75
0.69
0.28
0.35
0.33
0.29
0.76
1.13
0.74
0.97
0.59
0.57
0.76
0.28
0.69
0.61
0.92
0.32
0.62
0.47
0.52
0.46
0.72
1.16
0.45
0.38
0.32
0.30
0.49
0.39
2.36
0.00
0.00
0.00
0.00
0.00
0.00
0.00
0.00
0.00
0.00
0.00
0.00
0.00
0.00
0.00
0.00
0.00
0.00
0.00
0.00
0.00
0.00
0.00
0.00
0.00
0.00
0.00
0.00
0.00
0.00
0.00
0.00
0.00
0.00
0.00
0.00
0.00
0.00
0.00
0.00
0.00
0.00
0.00
0.00
0.00
0.00
0.00
0.00
0.00
0.00
0.00
0.00
0.00
0.00
0.00
0.00
0.00
0.00
0.00
0.00
0.00
0.00
0.00
0.00
0.00
0.00
0.00
0.00
0.00
0.00
0.00
0.00
0.00
0.00
0.00
0.00
0.00
0.00
0.00
0.00
0.00
0.00
0.00
0.00
0.00
0.00
0.00
0.00
0.00
0.00
0.00
0.00
0.00
0.00
0.00
0.00
0.00
0.00
0.00
0.00
0.00
0.00
0.00
0.00
0.00
0.00
0.00
0.00
0.00
0.00
0.00
0.00
0.00
0.00
0.00
0.00
0.00
0.00
0.00
0.00
0.00
0.00
0.00
0.00
0.00
0.00
0.00
0.00
0.00
2.30
0.00
0.00
0.00
0.00
0.00
0.00
0.00
0.00
0.00
0.00
0.00
0.00
0.00
0.00
0.00
0.00
0.00
0.00
0.00
0.00
0.00
0.00
0.00
0.00
0.00
0.00
0.00
0.00
0.00
0.00
0.00
0.00
0.00
0.00
0.00
0.00
0.00
0.00
0.00
0.00
0.00
0.00
0.00
0.00
0.00
0.00
0.00
0.00
0.00
0.00
0.00
0.00
0.00
0.00
0.00
0.00
0.00
0.00
0.00
0.00
0.00
0.00
0.00
0.00
0.00
0.00
0.00
0.00
0.00
0.00
0.00
0.00
0.00
0.00
0.00
0.00
0.00
0.00
1.80
0.00
0.00
0.00
0.00
0.00
0.00
0.00
0.00
0.00
0.00
0.00
0.00
0.00
0.00
0.00
0.00
0.00
0.00
0.00
0.00
0.00
0.00
0.00
0.00
0.00
0.00
0.00
0.00
0.00
0.00
0.00
0.00
0.00
0.00
0.00
0.00
0.00
0.00
0.00
0.00
0.00
0.00
0.00
0.00
0.00
0.00
0.00
0.00
0.00
0.00
0.00
0.00
0.00
0.00
0.00
0.00
0.18
0.00
0.00
0.00
0.00
0.00
0.00
0.36
0.00
2.32
0.47
0.00
0.00
0.00
0.00
0.00
0.00
0.00
0.00
0.00
0.00
0.00
0.00
2.04
0.00
0.00
1.58
0.67
0.00
0.00
0.00
0.00
0.00
0.00
0.46
0.00
0.00
0.00
0.00
0.00
0.00
0.00
0.00
0.00
0.00
0.00
0.00
0.00
0.00
0.00
0.00
0.65
0.53
0.00
0.00
0.00
0.00
0.00
0.00
0.00
0.00
0.00
0.00
0.00
0.00
0.00
0.00
0.00
0.00
0.00
0.00
0.00
0.00
0.00
0.00
0.01
0.00
0.01
0.00
0.00
0.00
0.00
0.00
0.00
0.00
0.00
0.00
0.00
1.68
0.00
0.00
0.00
0.00
0.00
0.00
0.00
0.00
0.00
0.00
0.00
0.00
0.00
0.00
0.00
0.00
0.00
0.00
0.00
0.00
0.00
0.00
0.00
0.00
0.00
0.00
0.00
0.00
0.00
0.00
0.00
0.00
0.00
0.00
0.00
0.00
0.00
0.00
0.00
0.00
0.43
0.00
0.00
0.00
0.00
0.00
0.00
0.00
0.00
0.00
0.00
0.00
0.00
0.00
0.00
0.00
0.00
0.00
0.00
0.00
0.00
1.80
0.00
0.00
0.00
0.00
0.00
0.00
0.00
0.00
0.00
0.00
0.00
0.00
0.00
0.00
0.00
0.00
0.00
0.00
0.00
0.00
0.00
0.00
0.00
0.00
0.00
0.00
0.00
0.00
0.00
0.00
0.00
0.00
0.00
0.00
0.00
0.00
0.00
0.00
0.00
0.00
0.00
0.00
0.00
0.00
0.00
0.00
0.00
0.00
0.00
0.00
0.00
0.00
0.00
0.00
0.00
0.00
0.00
0.00
0.00
0.00
0.00
0.00
0.00
0.00
0.00
0.00
0.00
0.00
0.00
0.00
0.00
0.00
0.00
0.00
0.00
0.00
0.00
0.00
0.00
0.00
0.00
0.00
0.00
0.00
0.00
0.00
0.00
0.00
0.00
0.00
0.00
0.00
0.00
0.00
0.00
0.00
0.00
0.00
0.00
0.05
0.03
0.03
0.05
0.04
0.03
0.00
0.00
0.00
0.01
0.00
0.00
0.00
0.00
0.00
0.00
0.00
0.00
0.00
0.00
0.00
0.00
0.01
0.00
0.01
0.01
0.01
0.01
0.00
0.01
0.01
0.02
0.02
0.01
0.01
0.00
0.00
0.00
0.00
0.00
0.00
0.00
0.01
0.00
0.00
0.00
0.00
0.00
0.00
0.00
0.00
0.00
0.00
0.00
0.00
0.00
0.00
0.00
0.00
0.00
0.00
0.00
0.00
0.00
0.00
0.00
0.00
0.00
0.00
0.00
0.00
0.00
0.00
0.00
0.00
0.00
0.00
0.00
0.00
0.00
0.00
0.00
0.00
0.00
0.00
0.00
0.00
0.00
0.00
0.00
0.00
0.00
0.00
0.00
0.00
0.00
0.00
0.00
0.00
0.00
0.00
0.00
0.00
0.00
0.00
0.00
0.00
0.00
0.00
0.00
0.00
0.00
0.00
0.00
0.00
0.00
0.00
0.00
0.00
0.00
0.00
0.00
0.00
0.00
0.00
0.00
0.00
0.00
0.00
0.00
0.00
0.00
0.00
0.00
0.00
0.00
0.00
0.00
0.00
0.00
0.00
0.00
0.00
0.00
0.00
0.00
0.00
0.00
0.00
0.00
0.00
0.00
0.00
0.00
0.00
0.00
0.00
0.00
0.00
0.00
0.00
0.00
0.00
0.00
0.00
0.00
0.00
0.00
0.00
0.00
0.00
0.00
0.00
0.00
0.00
0.00
0.00
0.00
0.00
0.00
0.00
0.00
0.00
0.00
0.00
0.00
0.00
0.00
0.00
0.00
0.00
0.00
0.00
0.00
0.00
0.00
0.00
0.00
0.00
0.00
0.00
0.00
0.00
0.00
0.00
0.00
0.03
0.04
0.06
0.05
0.00
0.00
0.00
0.00
0.01
0.00
0.00
0.00
0.01
0.00
0.01
0.00
0.05
0.04
0.06
0.06
0.05
0.06
0.08
0.06
0.04
0.06
0.06
0.07
0.00
0.00
0.00
0.00
0.00
0.00
0.00
0.00
0.00
0.00
0.00
0.00
0.00
0.00
0.00
0.00
0.00
0.00
0.00
0.00
0.00
0.00
0.00
0.00
0.00
0.00
0.00
0.00
0.00
0.00
0.00
0.00
0.00
0.00
0.00
0.00
0.00
0.00
0.00
0.00
0.00
0.00
0.00
0.00
0.00
0.00
0.00
0.00
0.00
0.00
0.00
0.00
0.00
0.00
0.00
0.00
0.00
0.00
0.00
0.00
0.00
0.00
0.00
0.00
0.00
0.00
0.00
0.00
0.00
0.00
0.00
0.00
0.00
0.00
0.00
0.00
0.00
0.00
0.00
0.00
0.00
0.00
0.00
0.00
0.00
0.00
0.00
0.00
0.00
0.00
0.00
0.00
0.00
0.00
0.00
0.00
0.00
0.00
0.00
0.00
0.00
0.00
0.00
0.00
0.00
0.00
0.00
0.00
0.00
0.00
0.00
0.00
0.00
0.00
0.00
0.00
0.00
0.00
0.00
0.00
0.00
0.00
0.00
0.00
0.00
0.00
0.00
0.00
0.00
0.00
0.00
0.00
0.00
0.00
0.00
0.00
0.00
0.00
0.00
0.00
0.00
0.00
0.00
0.00
0.00
0.00
0.00
0.00
0.00
0.00
0.00
0.00
0.00
0.00
0.00
0.00
0.00
0.00
0.00
0.00
0.00
0.00
0.00
0.00
0.00
0.00
0.00
0.00
0.00
0.00
0.00
0.00
0.00
0.00
0.00
0.00
0.00
0.00
0.00
0.00
0.00
0.00
0.00
0.00
0.00
0.00
0.00
0.00
0.00
0.00
0.00
0.00
0.00
0.00
0.00
0.00
0.00
0.00
0.00
0.00
0.00
0.00
0.00
0.00
0.00
0.00
0.00
0.00
0.00
0.00
0.00
0.00
0.00
0.00
0.00
0.00
0.00
0.00
0.00
0.00
0.00
0.00
0.00
0.00
0.00
0.00
0.00
0.00
0.00
0.00
0.00
0.00
0.00
0.00
0.00
0.00
0.00
0.00
0.00
0.00
0.00
0.00
0.00
0.00
0.00
0.00
0.00
0.00
0.00
0.00
0.00
0.00
0.00
0.00
0.00
0.00
0.00
0.00
0.00
0.00
0.00
0.00
0.00
0.00
0.00
0.00
0.00
0.00
0.00
0.00
0.00
0.00
0.00
0.00
0.00
0.00
0.00
0.00
0.00
0.00
0.00
0.00
0.00
0.00
0.00
0.00
0.00
0.00
0.00
0.00
0.00
0.00
0.00
0.00
0.00
0.00
0.00
0.00
0.00
0.00
0.00
0.00
0.00
0.00
0.00
0.00
0.00
0.00
0.00
0.00
0.00
0.00
0.00
0.00
0.00
0.00
0.00
0.00
0.00
0.00
0.00
0.00
0.00
0.00
0.00
0.00
0.00
0.00
0.00
0.00
0.00
0.00
0.00
0.00
0.00
0.00
0.00
0.00
0.00
0.00
0.00
0.00
0.00
0.00
0.00
0.00
0.00
0.00
0.00
0.00
0.00
0.00
0.00
0.00
0.00
0.00
0.00
0.00
0.00
0.00
0.00
0.00
0.00
0.00
0.00
0.00
0.00
0.00
0.00
0.00
0.00
0.00
0.00
0.00
0.00
0.00
0.00
0.00
0.00
0.00
0.00
0.00
0.00
0.00
0.00
0.00
0.00
0.00
0.00
0.00
0.00
0.00
0.00
0.00
0.00
0.00
0.00
0.00
0.00
0.00
0.00
0.00
0.00
0.00
0.00
0.00
0.00
0.00
0.00
0.00
0.00
0.00
0.00
0.00
0.00
0.00
0.00
0.00
0.00
0.00
0.00
0.00
0.00
0.00
0.00
0.00
0.00
0.00
0.00
0.00
0.00
0.00
0.00
0.00
0.00
0.00
0.00
0.00
0.00
0.00
0.00
0.00
0.00
0.00
0.00
0.00
0.00
0.00
0.00
0.00
0.00
0.00
0.00
0.00
0.00
0.00
0.00
0.00
0.00
0.00
0.00
0.00
0.00
0.00
0.00
0.00
0.00
0.00
0.00
0.00
0.00
0.00
0.00
0.00
0.00
0.00
0.00
0.00
0.00
0.00
0.00
0.00
0.00
0.00
0.00
0.00
0.00
0.00
0.00
0.00
0.00
0.00
0.00
0.00
0.00
0.00
0.00
0.00
0.00
0.00
0.00
0.00
0.00
0.00
0.00
0.00
0.00
0.00
0.00
0.00
0.00
0.00
0.00
0.00
0.00
0.00
0.00
0.00
0.00
0.00
0.00
0.00
0.00
0.00
0.00
0.00
0.00
0.00
0.00
0.00
0.00
0.00
0.00
0.00
0.00
0.00
0.00
0.00
0.00
0.00
0.00
0.00
0.00
0.00
0.00
0.00
0.00
0.00
0.00
0.00
0.00
0.00
0.00
0.00
0.00
0.00
0.00
0.00
0.00
0.00
0.00
0.00
0.00
0.00
0.00
0.00
0.00
0.00
0.00
0.00
0.00
0.00
0.00
0.00
0.00
0.00
0.00
0.00
0.00
0.00
0.00
0.00
0.00
0.00
0.00
0.00
0.00
0.00
0.00
0.00
0.00
0.01
0.01
0.00
0.00
0.01
0.00
0.00
0.01
0.01
0.01
0.01
0.01
0.01
0.01
0.01
0.01
0.00
0.01
0.00
0.01
0.01
0.00
0.01
0.01
0.02
0.01
0.00
0.01
0.01
0.01
0.01
0.00
0.01
0.01
0.01
0.00
0.00
0.00
0.00
0.00
0.00
0.00
0.00
0.00
0.01
0.01
0.00
0.01
0.01
0.00
0.00
0.00
0.00
0.01
0.01
0.01
0.01
0.01
0.01
0.01
0.00
0.00
0.02
0.05
0.02
0.00
0.01
0.00
0.00
0.01
0.00
0.01
0.01
0.00
0.00
0.00
0.00
0.01
0.01
0.01
0.01
0.00
0.01
0.01
0.02
0.00
0.00
0.00
0.00
0.00
0.00
0.01
0.01
0.00
0.01
0.01
0.01
0.00
0.00
0.00
0.00
0.01
0.01
0.01
0.01
0.03
0.01
0.01
0.01
0.01
0.02
0.00
0.02
0.00
0.01
0.01
0.00
0.02
0.02
0.00
0.00
0.01
0.01
0.00
0.01
0.00
0.00
0.01
0.00
0.00
0.00
0.00
0.00
0.01
0.01
0.01
0.00
0.00
0.00
0.01
0.01
0.01
0.01
0.02
0.01
0.01
0.01
0.01
0.01
0.06
0.02
0.02
0.00
0.00
0.00
0.00
0.00
0.01
0.00
0.02
0.00
0.01
0.01
0.01
0.01
0.01
0.02
0.01
0.01
0.01
0.00
0.02
0.02
0.01
0.02
0.01
0.01
0.02
0.01
0.00
0.01
0.01
0.01
0.00
0.00
0.00
0.00
0.01
0.02
0.01
0.00
0.01
0.02
0.01
0.01
0.01
0.01
0.01
0.01
0.00
0.01
0.01
0.00
0.00
0.00
0.00
0.00
0.00
0.00
0.00
0.00
0.00
0.00
0.00
0.00
0.00
0.00
0.00
0.01
0.00
0.01
0.00
0.00
0.00
0.01
0.00
0.01
0.01
0.01
0.01
0.01
0.01
0.01
0.00
0.00
0.00
0.01
0.01
0.01
0.01
0.00
0.00
0.01
0.02
0.01
0.02
0.00
0.02
0.01
0.01
0.01
0.01
0.01
0.01
0.01
0.01
0.00
0.01
0.00
0.00
0.00
0.00
0.00
0.00
0.00
0.01
0.02
0.02
0.01
0.00
0.02
0.01
0.01
0.00
0.00
0.00
0.06
0.06
0.06
0.03
0.04
0.10
0.05
0.05
0.07
0.00
0.00
0.01
0.01
0.01
0.01
0.00
0.00
0.00
0.00
0.01
0.01
0.00
0.00
0.00
0.00
0.00
0.01
0.00
0.00
0.01
0.02
0.01
0.00
0.00
0.00
0.01
0.01
0.01
0.01
0.01
0.01
0.00
0.01
0.01
0.01
0.01
0.00
0.01
0.01
0.00
0.00
0.01
0.01
0.01
0.01
0.00
0.01
0.01
0.00
0.01
0.01
0.01
0.01
0.00
0.00
0.00
0.00
0.00
0.02
0.01
0.00
0.00
0.00
0.00
0.00
0.02
0.00
0.00
0.00
0.01
0.00
0.01
0.01
0.02
0.01
0.01
0.01
0.01
0.01
0.04
0.00
0.02
0.01
0.01
0.01
0.00
0.02
0.01
0.02
0.02
0.02
0.01
0.02
0.01
0.01
0.01
0.01
0.01
0.01
0.02
0.01
0.01
0.02
0.01
0.01
0.01
0.03
0.01
0.02
0.03
0.02
0.00
0.00
0.01
0.02
0.02
0.02
0.02
0.01
0.02
0.01
0.01
0.02
0.02
0.01
0.03
0.04
0.04
0.02
0.01
0.01
0.01
0.04
0.02
0.03
0.03
0.01
0.04
0.02
0.01
0.01
0.02
0.01
0.02
0.01
0.01
0.01
0.01
0.02
0.01
0.02
0.03
0.02
0.02
0.02
0.02
0.02
0.01
0.01
0.02
0.01
0.01
0.01
0.03
0.02
0.02
0.02
0.04
0.02
0.02
0.04
0.04
0.04
0.05
0.02
0.03
0.03
0.04
0.03
0.01
0.01
0.01
0.01
0.01
0.02
0.02
0.02
0.01
0.02
0.01
0.02
0.02
0.01
0.01
0.01
0.03
0.04
0.01
0.02
0.02
0.02
0.04
0.05
0.03
0.02
0.01
0.00
0.01
0.01
0.01
0.01
0.04
0.00
0.00
0.01
0.01
0.01
0.02
0.01
0.02
0.02
0.01
0.01
0.01
0.02
0.01
0.02
0.02
0.01
0.01
0.01
0.01
0.01
0.01
0.01
0.01
0.01
0.02
0.02
0.02
0.02
0.01
0.00
0.01
0.00
0.01
0.01
0.01
0.02
0.01
0.02
0.01
0.01
0.01
0.00
0.01
0.02
0.01
0.00
0.01
0.01
0.01
0.01
0.00
0.02
0.01
0.02
0.00
0.02
0.01
0.02
0.02
0.01
0.02
0.01
0.02
0.04
0.03
0.03
0.02
0.01
0.02
0.02
0.02
0.02
0.03
0.01
0.02
0.01
0.02
0.01
0.01
0.02
0.03
0.02
0.02
0.03
0.02
0.02
0.01
0.03
0.01
0.02
0.01
0.02
0.01
0.02
0.02
0.02
0.02
0.02
0.01
0.00
0.01
0.01
0.03
0.00
0.01
0.01
0.02
0.01
0.00
0.01
0.01
0.01
0.01
0.01
0.02
0.01
0.01
0.03
0.01
0.01
0.02
0.01
0.01
0.01
0.01
0.01
0.02
0.01
0.02
0.02
0.02
0.03
0.01
0.01
0.02
0.02
0.01
0.01
0.01
0.01
0.01
0.01
0.01
0.01
0.01
0.02
0.02
0.01
0.01
0.01
0.02
0.01
0.02
0.02
0.02
0.01
0.00
0.02
0.02
0.03
0.02
0.01
0.01
0.04
0.01
0.01
0.01
0.01
0.02
0.01
0.02
0.02
0.02
0.02
0.04
0.01
0.02
0.02
0.02
0.02
0.01
0.01
0.02
0.02
0.03
0.01
0.03
0.03
0.01
0.01
0.02
0.02
0.01
0.02
0.01
0.01
0.03
0.03
0.03
0.02
0.02
0.02
0.03
0.01
0.02
0.01
0.03
0.02
0.01
0.02
0.02
0.02
0.02
0.02
0.02
0.01
0.02
0.02
0.02
0.01
0.01
0.02
0.01
0.01
0.01
0.01
0.01
0.02
0.01
0.01
0.02
0.02
0.01
0.04
0.04
0.01
0.01
0.03
0.01
0.02
0.01
0.03
0.02
0.00
0.01
0.01
0.01
0.01
0.02
0.02
0.04
0.03
0.01
0.03
0.02
0.02
0.00
0.01
0.01
0.01
0.02
0.01
0.02
0.02
0.02
0.01
0.02
0.01
0.01
0.01
0.01
0.03
0.01
0.02
0.02
0.01
0.01
0.03
0.01
0.02
0.02
0.02
0.02
0.02
0.03
0.01
0.02
0.02
0.01
0.01
0.02
0.02
0.02
0.02
0.00
0.00
0.00
0.01
0.01
0.01
0.00
0.02
0.01
0.01
0.01
0.01
0.00
0.01
0.01
0.01
0.01
0.01
0.01
0.01
0.00
0.02
0.02
0.01
0.02
0.03
0.02
0.03
0.01
0.02
0.02
0.02
0.03
0.00
0.02
0.01
0.01
0.02
0.02
0.01
0.01
0.02
0.01
0.02
0.02
0.01
0.02
0.01
0.00
0.02
0.02
0.02
0.01
0.00
0.02
0.02
0.02
0.02
0.01
0.01
0.03
0.02
0.02
0.02
0.01
0.02
0.02
0.01
0.01
0.02
0.03
0.02
0.01
0.02
0.02
0.01
0.01
0.02
0.01
0.04
0.04
0.01
0.02
0.01
0.01
0.02
0.03
0.02
0.01
0.02
0.02
0.01
0.01
0.02
0.02
0.02
0.02
0.02
0.01
0.01
0.00
0.02
0.00
0.03
0.00
0.01
0.02
0.03
0.01
0.01
0.01
0.02
0.02
0.02
0.01
0.01
0.02
0.01
0.01
0.01
0.02
0.02
0.01
0.01
0.00
0.01
0.01
0.01
0.00
0.03
0.01
0.02
0.04
0.01
0.01
0.01
0.01
0.03
0.01
0.01
0.01
0.01
0.01
0.02
0.01
0.01
0.01
0.01
0.01
0.01
0.02
0.01
0.01
0.01
0.01
0.01
0.02
0.02
0.00
0.03
0.00
0.00
0.01
0.01
0.01
0.01
0.01
0.01
0.01
0.01
0.02
0.01
0.01
0.02
0.02
0.02
0.01
0.01
0.01
0.01
0.01
0.01
0.01
0.03
0.01
0.01
0.01
0.01
0.00
0.03
0.01
0.01
0.02
0.02
0.02
0.00
0.01
0.00
0.00
0.00
0.01
0.03
0.02
0.02
0.02
0.01
0.00
0.02
0.02
0.01
0.02
0.02
0.01
0.01
0.01
0.00
0.01
0.03
0.02
0.03
0.03
0.01
0.01
0.02
0.02
0.02
0.02
0.02
0.02
0.03
0.01
