402
457
408
411
412
408
414
417
401
425
406
406
408
408
467
421
406
447
486
475
433
411
422
412
416
423
433
434
474
481
450
405
479
429
465
401
405
401
409
2520
905
556
526
468
530
498
454
476
543
456
455
605
506
1492
1501
1472
1472
1474
1473
1476
1466
1479
1479
1466
1475
1500
1472
1512
1495
1500
1497
1460
1492
1492
1471
1486
1503
1587
1520
1420
1467
1531
1502
1441
1564
1489
1497
1489
1450
1448
1410
1532
1537
1538
1451
1537
1553
1414
1523
1465
1490
1343
1405
1464
1464
1493
1552
1553
1472
1516
1452
1482
1464
1485
1488
1543
1513
1474
1550
1513
1554
1554
1551
1554
1552
1695
1536
1508
1550
1554
1507
1483
1551
1532
1502
1502
1551
1500
1542
1542
1542
1449
1510
1485
1429
1433
1499
1511
1521
1512
1486
1452
1530
1512
1501
1530
1486
1539
1442
1442
1442
1499
1501
1449
1460
1458
1545
1527
1508
1551
1526
1517
1457
1478
1411
1465
1524
1472
1519
1519
1537
1548
1549
1482
1514
1411
1463
1464
1416
1536
1537
1540
1437
1471
1544
1544
1544
1463
1496
1536
1474
1472
1358
1515
1542
1536
1527
1491
1457
1525
1543
1461
1470
1474
1501
1519
1408
1502
1501
1440
1530
1476
1528
1536
1555
1555
1517
1520
1531
1518
1529
1531
1469
1487
1518
1531
1517
1519
1476
1528
1517
1474
1519
1484
1532
1518
1490
1485
1531
1528
1517
1335
1516
1536
1334
1549
1529
1476
1531
1530
1532
1516
1530
1483
1481
1483
1486
1486
1538
1530
1488
1489
1470
1562
1559
1549
1527
1515
1521
1440
1439
1545
1538
1541
1463
1467
1467
1452
1481
1500
1502
1545
1467
1477
1448
1492
1499
1506
1474
1493
1494
1493
1491
1504
1537
1496
1514
1486
1426
1505
1496
1486
1518
1464
1543
1423
1486
1500
1490
2290
1771
1771
1761
1801
1775
1794
1878
1738
1808
1780
1798
1701
1608
1711
1640
1901
1706
1770
1972
1767
1763
1769
1721
1705
1791
1751
1670
1787
1772
1798
1800
1805
1807
1747
1794
1995
1821
1882
1946
1773
1811
1804
1796
1452
1807
1816
1803
1771
1801
1776
1782
1781
1870
1798
1844
1822
2203
1802
1728
1800
1869
1810
1831
1795
1988
2019
1736
1746
1790
1863
1778
1774
1770
1771
1812
1796
1804
1817
2090
2145
1792
1772
1809
2063
2229
2147
1771
1745
1771
1859
1872
1753
1804
1800
1784
1830
1809
1741
1770
1771
1807
1803
2251
1734
2315
1802
1571
1793
1762
1385
1916
1821
1755
1775
1768
1798
1772
1244
1826
1826
1805
958
940
964
927
963
955
697
1257
957
954
966
784
956
960
950
968
957
951
956
954
954
954
953
956
959
958
969
952
957
944
958
957
953
952
1861
953
971
968
965
962
1987
931
958
945
962
1962
1495
2925
2930
2930
3029
2903
2895
2903
2821
2880
2926
2878
2882
3009
2882
2927
2910
2896
2910
2910
2905
2907
2942
2941
2880
2880
2904
2909
2901
2897
2968
2903
2958
2901
2928
2932
2917
3122
3094
2905
2890
2890
2893
2761
2867
2763
2699
3120
2923
2924
3023
2953
2915
2902
2877
2700
2982
3539
2850
3541
3946
4381
3554
1035
1137
1077
953
1915
1341
1324
1024
1275
1302
1245
1244
1411
1360
4216
1640
3514
2926
905
1518
1480
1497
1483
1516
1515
1435
1739
1432
1550
1826
2741
1815
612
670
621
908
607
1058
1036
736
494
1053
1844
924
575
550
554
510
554
450
435
408
428
425
408
468
480
518
479
504
557
497
526
640
476
448
515
436
423
426
461
439
447
573
442
448
409
433
1155
1017
476
796
960
1107
561
437
423
415
451
447
451
429
602
1410
846
880
1710
1180
1524
2630
1860
1443
2154
1381
1210
611
623
555
617
679
646
1380
1780
2543
1979
2600
780
739
619
824
772
2609
659
1037
1165
696
770
759
755
990
708
1857
2110
2621
1640
1050
2729
1440
2474
1192
990
2440
990
625
912
1812
1810
1811
2394
1918
1560
712
952
939
985
972
951
983
971
1376
951
989
794
794
1200
1551
1437
976
1990
957
953
956
952
1974
1138
1872
1509
1900
944
1779
1449
933
1519
878
1178
1677
949
1675
937
960
1977
1686
948
1957
1669
1610
1031
478
542
512
494
1496
1513
1443
1516
1508
1330
1588
1491
1801
1801
1787
1296
1766
1368
1771
1324
1771
1796
1379
1275
1765
1371
1348
1390
1765
1764
1715
1770
1783
1793
1804
1386
1797
1804
1803
1731
1798
1778
1343
1786
1811
1778
1782
1800
1350
1789
1794
1448
1294
1795
1295
1314
1275
1776
1295
1206
1280
1789
1304
1789
1335
1787
1769
1366
1292
1770
1288
1337
1352
1352
1808
1805
1806
1346
1779
1348
1297
1245
1242
1232
1232
1232
1769
1247
1251
1272
1232
1233
1206
1203
1207
1352
1240
1280
1802
1773
1287
1472
1372
1803
1389
1771
1803
1771
1291
1335
1232
1305
1777
1790
1841
1771
1758
1758
1798
1370
1805
1777
1792
1361
1802
1362
1804
1730
1791
1800
1399
1259
1364
1231
1248
1377
2913
2904
2738
1174
1514
2774
1513
2766
2765
1533
1466
1526
1530
2802
1505
2765
443
412
451
491
446
451
489
517
517
516
551
550
551
551
551
551
551
543
551
551
553
551
504
499
411
416
524
533
522
448
449
523
525
525
509
533
426
426
406
425
425
418
421
423
426
417
420
420
420
401
404
404
421
421
412
406
408
437
411
408
408
433
424
411
405
423
405
407
400
401
424
424
402
400
408
413
402
457
408
411
412
408
414
417
401
425
406
406
408
408
467
421
406
447
486
475
433
411
422
412
416
423
433
434
474
481
450
405
479
429
465
401
405
401
409
2520
905
556
526
468
530
498
454
476
543
456
455
605
506
1492
1501
1472
1472
1474
1473
1476
1466
1479
1479
1466
1475
1500
1472
1512
1495
1500
1497
1460
1492
1492
1471
1486
1503
1587
1520
1420
1467
1531
1502
1441
1564
1489
1497
1489
1450
1448
1410
1532
1537
1538
1451
1537
1553
1414
1523
1465
1490
1343
1405
1464
1464
1493
1552
1553
1472
1516
1452
1482
1464
1485
1488
1543
1513
1474
1550
1513
1554
1554
1551
1554
1552
1695
1536
1508
1550
1554
1507
1483
1551
1532
1502
1502
1551
1500
1542
1542
1542
1449
1510
1485
1429
1433
1499
1511
1521
1512
1486
1452
1530
1512
1501
1530
1486
1539
1442
1442
1442
1499
1501
1449
1460
1458
1545
1527
1508
1551
1526
1517
1457
1478
1411
1465
1524
1472
1519
1519
1537
1548
1549
1482
1514
1411
1463
1464
1416
1536
1537
1540
1437
1471
1544
1544
1544
1463
1496
1536
1474
1472
1358
1515
1542
1536
1527
1491
1457
1525
1543
1461
1470
1474
1501
1519
1408
1502
1501
1440
1530
1476
1528
1536
1555
1555
1517
1520
1531
1518
1529
1531
1469
1487
1518
1531
1517
1519
1476
1528
1517
1474
1519
1484
1532
1518
1490
1485
1531
1528
1517
1335
1516
1536
1334
1549
1529
1476
1531
1530
1532
1516
1530
1483
1481
1483
1486
1486
1538
1530
1488
1489
1470
1562
1559
1549
1527
1515
1521
1440
1439
1545
1538
1541
1463
1467
1467
1452
1481
1500
1502
1545
1467
1477
1448
1492
1499
1506
1474
1493
1494
1493
1491
1504
1537
1496
1514
1486
1426
1505
1496
1486
1518
1464
1543
1423
1486
1500
1490
2290
1771
1771
1761
1801
1775
1794
1878
1738
1808
1780
1798
1701
1608
1711
1640
1901
1706
1770
1972
1767
1763
1769
1721
1705
1791
1751
1670
1787
1772
1798
1800
1805
1807
1747
1794
1995
1821
1882
1946
1773
1811
1804
1796
1452
1807
1816
1803
1771
1801
1776
1782
1781
1870
1798
1844
1822
2203
1802
1728
1800
1869
1810
1831
1795
1988
2019
1736
1746
1790
1863
1778
1774
1770
1771
1812
1796
1804
1817
2090
2145
1792
1772
1809
2063
2229
2147
1771
1745
1771
1859
1872
1753
1804
1800
1784
1830
1809
1741
1770
1771
1807
1803
2251
1734
2315
1802
1571
1793
1762
1385
1916
1821
1755
1775
1768
1798
1772
1244
1826
1826
1805
958
940
964
927
963
955
697
1257
957
954
966
784
956
960
950
968
957
951
956
954
954
954
953
956
959
958
969
952
957
944
958
957
953
952
1861
953
971
968
965
962
1987
931
958
945
962
1962
1495
2925
2930
2930
3029
2903
2895
2903
2821
2880
2926
2878
2882
3009
2882
2927
2910
2896
2910
2910
2905
2907
2942
2941
2880
2880
2904
2909
2901
2897
2968
2903
2958
2901
2928
2932
2917
3122
3094
2905
2890
2890
2893
2761
2867
2763
2699
3120
2923
2924
3023
2953
2915
2902
2877
2700
2982
3539
2850
3541
3946
4381
3554
1035
1137
1077
953
1915
1341
1324
1024
1275
1302
1245
1244
1411
1360
4216
1640
3514
2926
905
1518
1480
1497
1483
1516
1515
1435
1739
1432
1550
1826
2741
1815
612
670
621
908
607
1058
1036
736
494
1053
1844
924
575
550
554
510
554
450
435
408
428
425
408
468
480
518
479
504
557
497
526
640
476
448
515
436
423
426
461
439
447
573
442
448
409
433
1155
1017
476
796
960
1107
561
437
423
415
451
447
451
429
602
1410
846
880
1710
1180
1524
2630
1860
1443
2154
1381
1210
611
623
555
617
679
646
1380
1780
2543
1979
2600
780
739
619
824
772
2609
659
1037
1165
696
770
759
755
990
708
1857
2110
2621
1640
1050
2729
1440
2474
1192
990
2440
990
625
912
1812
1810
1811
2394
1918
1560
712
952
939
985
972
951
983
971
1376
951
989
794
794
1200
1551
1437
976
1990
957
953
956
952
1974
1138
1872
1509
1900
944
1779
1449
933
1519
878
1178
1677
949
1675
937
960
1977
1686
948
1957
1669
1610
1031
478
542
512
494
1496
1513
1443
1516
1508
1330
1588
1491
1801
1801
1787
1296
1766
1368
1771
1324
1771
1796
1379
1275
1765
1371
1348
1390
1765
1764
1715
1770
1783
1793
1804
1386
1797
1804
1803
1731
1798
1778
1343
1786
1811
1778
1782
1800
1350
1789
1794
1448
1294
1795
1295
1314
1275
1776
1295
1206
1280
1789
1304
1789
1335
1787
1769
1366
1292
1770
1288
1337
1352
1352
1808
1805
1806
1346
1779
1348
1297
1245
1242
1232
1232
1232
1769
1247
1251
1272
1232
1233
1206
1203
1207
1352
1240
1280
1802
1773
1287
1472
1372
1803
1389
1771
1803
1771
1291
1335
1232
1305
1777
1790
1841
1771
1758
1758
1798
1370
1805
1777
1792
1361
1802
1362
1804
1730
1791
1800
1399
1259
1364
1231
1248
1377
2913
2904
2738
1174
1514
2774
1513
2766
2765
1533
1466
1526
1530
2802
1505
2765
443
412
451
491
446
451
489
517
517
516
551
550
551
551
551
551
551
543
551
551
553
551
504
499
411
416
524
533
522
448
449
523
525
525
509
533
426
426
406
425
425
418
421
423
426
417
420
420
420
401
404
404
421
421
412
406
408
437
411
408
408
433
424
411
405
423
405
407
400
401
424
424
402
400
408
413
