4912
4648
4940
5012
4848
4876
4660
4920
4608
4924
4884
5052
4656
4892
4780
4964
4840
5072
4660
5072
4960
5064
5084
4940
4872
4704
4964
5116
5088
4736
5052
5124
4888
4992
4844
4836
4816
5040
5136
4892
4884
5060
4984
4664
4576
4824
4720
4604
4992
4868
4820
4908
5040
4632
4912
4940
4932
5024
4976
4988
4996
4860
4972
4988
5056
4728
4856
4980
5064
5100
4980
4860
4828
4924
4920
4964
4824
5016
5064
4612
5008
5036
4796
4876
4980
5164
4952
4848
4932
4616
5044
5056
4936
4824
4836
4848
4652
5000
5016
4984
4736
5000
4952
4856
4992
4788
4928
4944
4848
5072
4852
4872
5060
4744
4980
4800
4960
4996
4824
5024
4892
4936
4820
4816
4940
4980
5036
4920
4920
4864
4820
4992
4996
4948
4964
4936
4884
5004
4852
5032
4908
4652
4916
4916
5068
5096
4904
4884
4888
4860
4972
4928
5088
4876
4936
4920
4840
4952
4812
4924
4960
5012
4976
4992
4956
4976
5012
4684
4988
5088
5120
4836
4932
5012
4872
4964
5004
5032
4688
4864
5048
4720
4972
4912
4808
4860
4620
5096
4628
5104
5036
4784
4944
4680
4640
4796
4888
4672
4976
4748
4672
4996
4944
4972
4972
4888
5136
5132
4616
5024
4952
4988
4972
4936
4888
4820
4832
4872
5012
4916
4928
5080
4984
4900
4824
4676
4744
4988
5044
4980
4904
4664
5000
4936
4912
4940
4880
4916
4956
4684
4932
4704
5016
4876
4972
4964
5016
4656
4720
4800
4972
4884
4924
4960
4820
4988
5000
4932
5028
4984
4980
4856
4740
4936
4980
4920
4948
4928
4824
4852
5004
4872
4980
4984
4900
5024
5000
4732
4924
4940
4836
5076
4832
4908
5072
4644
5176
4992
4724
5064
5072
5000
5024
4816
5008
4840
4940
5072
4940
5076
4992
4720
4940
4928
5076
4956
5028
4992
5044
4936
4964
4872
4664
5072
4664
4688
4800
5072
5012
5024
4784
5080
4968
5028
4992
5012
4988
4824
4984
4936
4992
4992
4964
4952
4704
5048
5060
4944
4948
4744
4828
4652
4788
4844
5016
4708
4964
4784
4812
4984
4892
4952
4896
4684
4920
5024
4908
4952
4952
4996
4980
4960
4992
4944
4944
4692
4904
4964
5028
4952
4860
4980
4944
4864
4812
4956
4904
5020
4992
4792
5056
4964
5012
4936
4804
4736
4828
4968
5000
4772
4992
5020
4852
5044
5072
4828
5016
4884
4932
4956
5088
4864
4860
4936
4636
5044
4796
4920
4964
4920
4684
4932
4976
5072
5076
4592
4900
4908
4836
4832
4860
4884
4800
5060
5036
4956
5028
4980
4948
4988
4604
6352
5448
4836
5144
4936
5080
5096
4968
5108
5124
4752
5104
5032
4976
4920
5152
5200
5792
5844
5856
5576
5604
5660
5420
5736
5772
5888
5448
5716
5776
5568
5716
5708
5812
5816
5448
5796
5708
5652
5800
5804
6512
5764
5584
5720
5952
5652
5636
5732
5796
5684
5600
5520
5504
5700
5516
5720
5416
5620
5792
5660
5876
5896
5800
5656
5692
5684
5664
5612
5796
5848
5860
5720
5936
5560
5600
5680
5684
5628
5812
5760
5720
6060
5540
5644
5548
5764
5704
5568
5948
5620
5364
6012
5656
5432
5748
5976
5868
5688
6024
5768
5740
5548
5812
6060
5564
5632
5396
5892
5412
5652
5852
5560
5772
5844
5568
5608
5708
5600
5528
5804
6072
5684
5636
5500
5808
5864
5808
5620
5816
5628
6192
5776
5908
5380
5680
5704
5440
5780
5696
5416
5572
5560
5644
5840
5940
6064
5744
5548
5644
5568
5788
5932
5628
5768
5732
5712
5804
5888
5932
5700
5604
5736
5588
5816
5484
5524
6144
5820
5736
5800
5736
5704
5540
5736
5680
5728
5544
5744
5708
5580
5568
5688
5892
5768
5644
5796
5648
5760
5676
5708
5680
5992
6120
6004
5724
5744
5708
5836
5880
5812
5832
5636
5552
5768
5820
5904
5888
5784
5652
5928
5668
5640
5884
5652
5404
5816
5544
5568
5744
5920
5904
5688
5892
5788
5840
5712
5840
5724
6108
5960
6092
5712
5924
5756
5744
5904
5844
5728
5756
5836
5812
5632
5644
5520
5672
5644
5856
5904
5776
5876
5380
5800
5440
5552
5808
5712
5728
5564
5676
5528
5516
5676
5552
5696
5624
5740
5628
5716
5636
5796
6068
5628
5664
5972
5732
5604
5776
5716
5700
5752
5296
5852
6768
6044
6628
5984
5964
5900
5864
5808
6584
6092
6436
5968
5820
5676
6104
5868
5860
5600
5896
6012
6076
6052
6300
5868
5700
5844
6324
5592
6000
5904
5988
6140
5976
6068
5696
6032
5988
5824
6204
5984
5620
5916
5820
5988
5976
6212
5848
5948
5836
6076
5908
6380
6068
6316
5976
6104
6200
6092
6024
5508
5892
6284
5736
5928
6096
6236
6148
5864
6028
5904
6028
5868
5888
5880
5948
5884
6016
6004
5944
6248
6304
5804
6076
5928
6336
6320
6284
6028
6120
6088
6164
5844
5764
6176
6020
5924
6048
5900
5692
5908
5788
5932
5796
6556
6008
6516
6036
5712
5792
6052
5616
5904
6180
5616
5960
6068
5864
5696
5508
6108
5900
5964
5452
5240
5160
5468
5388
5364
5104
5492
5148
5476
5372
5312
5308
5232
5424
5248
5400
5312
5224
5600
5400
5252
5400
5492
5464
5412
5364
5388
5388
5308
5328
5472
5432
5428
5900
5284
5376
5204
5348
5424
6256
5308
5428
5328
5376
6056
5576
7640
7328
7584
7996
7692
7072
7464
7696
7948
7568
6884
6812
7372
7516
7488
7632
7148
6920
7176
7200
7016
7580
7268
8116
7008
7700
6800
7176
7916
7184
7776
8396
7640
7688
7428
7216
7588
7504
7332
7384
7260
7244
7120
7616
6888
6748
8052
7860
7276
7832
7512
7444
7260
6900
6920
7468
8364
7480
8788
9376
8636
7820
5468
5304
5312
5420
5904
5584
5520
5288
5428
5200
5448
5524
5540
5608
9196
5552
8648
7452
4868
4816
4496
4796
4836
4592
4912
4752
4796
4832
4456
4872
4712
4832
4708
4828
4756
4544
4832
4792
4800
4792
5324
5696
5536
5656
5708
5668
5884
5816
6068
5528
5836
6176
6880
5980
4976
5296
5252
5404
5124
5368
5396
4896
4704
4728
4872
5276
4896
5056
5404
5692
5256
5012
5116
5012
4984
4908
5052
5108
5072
5072
4964
5088
4880
4896
4972
4952
5016
5264
5056
4820
5232
4652
4940
5136
4712
4772
5012
4980
5140
5236
5112
5076
4880
4740
4988
4780
4768
4976
5076
4944
4720
4944
4868
4764
4936
4744
4724
5012
5108
5124
4940
4980
4740
4884
4984
4880
5068
4924
5388
4904
5404
5100
5340
5432
5372
5016
5068
4920
4792
4956
4740
4604
4932
4940
5032
5136
4720
5080
5140
5036
5672
5268
4624
5368
5904
5276
5624
6872
6008
5716
6208
5684
5368
4992
5008
4988
5176
4912
5216
5028
5012
5436
5968
6480
6188
6688
5396
5292
5020
5380
5188
6896
4860
5444
5376
5248
5128
5324
5208
5224
5196
5840
6132
6528
5692
5472
6600
5736
6608
5524
5468
6380
5480
5140
5412
6108
5824
5976
6988
6040
5788
5224
5404
5448
5516
5284
5420
5232
5240
5668
5068
5348
5236
5056
5464
5628
5544
5360
6788
5420
5344
5412
5260
5856
5460
5964
5868
6220
5236
5788
5720
5096
5832
5388
5324
5896
5456
5828
5376
5196
6552
5892
5412
6000
5852
5704
5432
4744
5088
5108
4840
5584
5900
5736
5748
5540
5448
5704
5564
6480
6000
5896
5728
6020
5580
6300
5236
5892
6264
5412
5308
6072
5784
5440
5708
5872
6144
5704
5892
5824
5836
5616
5624
5912
5956
6028
5812
6044
5876
5500
6184
6064
5940
5592
6096
5524
6148
6348
5864
5456
5876
5732
5552
5564
5892
5588
5432
5592
6048
5456
6520
5592
6012
5956
5708
5444
6048
5668
5800
5516
5680
6344
5908
5872
5584
5808
5560
5556
5564
5468
5560
5236
5536
5760
5424
5540
5496
5408
5308
5412
5520
5080
5700
5540
5580
5936
5944
5732
5748
5728
5864
5868
5868
5824
6132
5500
5788
5492
5524
6040
6356
6192
6144
5944
5900
6048
5548
5984
5592
5984
5504
5680
5828
5876
5756
5920
6344
5268
5632
5620
5536
5708
5720
7816
4488
4708
4820
4612
4664
4868
4792
4564
4512
4804
4936
4876
4548
4892
4632
4872
4744
4520
4824
4612
4864
4832
4820
4556
4856
4924
4880
4820
4860
4508
4656
4872
4824
4520
4868
4848
4888
4728
4876
4712
4824
4808
4552
4460
4680
4728
4516
4820
4472
4832
4832
4712
4684
4880
4736
4688
4908
4560
4912
4824
4888
4876
4820
4892
4800
4600
4700
4688
4876
4824
4868
4876
4924
4840
4880
4696
4852
4760
4832
4828
4788
4804
4720
4852
4540
4900
4876
4856
4788
4868
4888
4656
4752
4788
4692
4936
4796
4768
4700
4728
4676
4564
4796
4552
4824
4876
4708
4832
4900
4840
4676
4656
4788
4780
4420
4804
4676
4748
4416
4572
4796
4752
4760
4812
4844
4612
4740
4444
4744
7728
4440
4720
4816
4748
4692
4400
4520
4756
4444
4560
4848
4784
4724
4708
4584
4444
4528
4548
4700
4724
4376
4720
4776
4444
4400
4688
4748
4536
4612
4880
4600
4736
4584
4728
4464
4776
4756
4452
4624
4840
4788
4456
4636
4416
4728
4544
4736
4820
4676
4824
4748
4744
4756
4756
4592
4628
4796
4708
4752
4840
4736
4704
4740
4528
4860
4636
4768
4740
4548
4444
4792
4576
4836
4772
4712
4504
4392
4776
7292
4744
4712
4684
4608
4448
4724
4796
4748
4744
4676
4768
4788
4772
4740
4460
4696
4548
4760
4592
4844
4736
4784
4708
4620
4812
4620
4720
4636
4456
4532
4564
4552
4748
4724
4664
4844
4836
4456
4692
4780
4836
4724
4748
4668
4632
4680
4744
4744
4784
4652
4768
4700
4612
4844
4472
4548
5156
4764
4680
4644
4660
4668
4744
5780
4684
7672
5740
4628
4748
4440
4752
4628
4900
4836
4764
4876
4740
4624
4768
7524
4712
4628
7076
6060
4792
4736
4744
4804
4628
4664
5888
4448
4724
4632
4784
4444
4588
4692
4796
4580
4752
4820
4428
4772
4844
4632
4820
6072
5908
4824
4844
4692
4620
4588
4736
4592
4752
4736
4772
4744
4856
4776
4592
4400
4788
4680
4748
4848
4724
4696
4708
4804
4452
4656
4460
4688
4824
4444
4788
4584
4764
4764
4700
4416
7184
4424
4784
4856
4744
4768
4692
4728
4400
4864
4508
4520
4400
4788
4756
4476
4680
4828
4748
4760
4752
4848
4416
4652
4692
4788
4584
4740
4676
4620
4452
4776
4832
4600
4456
4704
4800
4848
4620
4732
4656
5868
4688
4452
4760
4700
4828
4684
4456
4640
4556
4600
4692
4396
4572
4440
4740
4708
4744
4788
4744
4624
7224
4644
4748
4720
4748
4796
4692
4752
4584
4456
4428
4784
4716
4756
4720
4764
4760
4804
4844
4792
4716
4844
4568
4644
4580
4460
4748
4708
4500
4804
4760
4612
4472
4628
4764
4400
4688
4808
4768
4832
4764
4736
4628
4720
4752
4804
4528
4840
4760
4764
4804
4720
4824
4392
4480
4464
4772
4772
4732
4396
4828
4596
4760
4776
4504
4636
4656
4780
4652
4788
4596
4848
4800
4504
4856
4584
4712
4764
4628
4604
4656
4464
4776
4416
4852
4708
4812
4736
4784
4684
4768
4756
4844
4816
4788
4784
4816
4616
4812
4800
5184
4876
5020
5140
5056
5112
4836
4916
4608
4800
4864
4864
4836
4892
4908
4908
4536
4712
4916
4860
4844
4832
4912
4816
4968
4856
4804
4948
4884
4936
5012
4920
5072
4968
4992
4804
4688
4724
4812
4812
4448
4820
4956
4808
4416
4852
4604
4616
4656
4528
4824
4700
4844
4808
4616
4652
4836
4764
4712
4680
4428
4732
4596
4804
4620
4740
4724
4784
4628
4748
4540
4748
4576
4800
4416
4640
4592
4864
4748
4780
4788
4520
4764
4728
4424
4632
4756
4624
4820
4564
4800
4492
4816
4800
4900
4768
4752
4916
4544
4804
4776
4516
4704
4784
4788
4696
4464
4756
4816
4832
4752
4460
4596
4848
4740
4664
4660
4460
4400
4584
4476
4560
4732
4616
4728
4664
4824
4696
4668
4500
4864
4424
4816
4392
4836
4748
4760
4772
4708
4684
4628
4748
4792
4792
4736
4688
4616
4636
4524
4688
4756
4624
4768
4832
4784
4696
4720
4572
4596
4668
4716
4768
4756
4636
4540
4788
4660
4740
4572
4452
4816
4752
4468
4824
4508
4800
4864
4716
4628
4756
4668
4468
4716
4792
4888
4876
4844
4804
4864
4480
4920
4856
4888
4904
4828
4852
4868
4784
4664
4916
4836
4716
4852
4772
4780
4660
5092
5108
5132
5112
4708
4692
4896
4612
4928
4924
4892
4796
4748
4552
4864
4960
5144
4828
5184
4984
4996
5124
4992
4996
4988
5100
4876
5228
4852
4668
4860
4704
4632
4496
4796
4608
4436
4768
4616
4420
4728
4472
4724
4804
4812
4440
4820
4600
4712
4644
4696
4660
4756
4672
4804
4724
4432
4596
4636
4572
4776
4840
4840
4836
4772
4900
4800
4744
4524
4784
4720
4876
4764
4668
4700
4600
4768
4852
4408
4816
4672
4704
4700
4596
4872
4840
4864
4840
4604
4664
4404
4836
4756
4460
4840
4604
4812
4688
4800
4804
4412
4472
4856
4792
4804
4852
4588
4792
4568
4716
4836
4772
4784
4704
4772
4904
4768
4808
4724
4572
4872
4456
4644
4652
4692
4656
4844
4832
4516
4812
4848
4624
4884
4444
4432
4644
4476
4804
4724
4500
4780
4868
4680
4644
4632
4892
4808
4784
4652
4812
4600
4752
4532
4476
4740
4816
4592
4760
4588
4440
4788
4480
4760
4776
4784
4848
4796
4668
4884
4552
4816
4648
4844
4760
4756
4720
4776
4864
4780
4700
4512
4756
4632
4640
4868
4736
4768
4844
4744
4888
4840
4852
4704
4764
4776
4704
4676
4780
4844
4736
4824
4712
4684
4488
4572
4696
4856
4704
4644
4668
4824
4856
4740
4420
4476
4760
4652
4704
4804
4888
4436
4816
4440
4524
4816
4612
4728
4476
4712
4768
4844
4756
4808
4548
4860
4728
4836
4460
4852
4824
4684
4780
4700
4588
4440
4812
4736
4472
4852
4780
4756
4496
4600
4644
4524
4468
4732
4756
4708
4800
4856
4880
4828
4848
4700
4592
4824
4832
4772
4600
4800
4580
4760
4592
4796
4772
4736
4880
4796
4676
4608
4676
4412
4704
4840
4640
4856
4612
4876
4752
4732
4756
4608
4524
4756
4516
4884
4824
4608
4640
4752
4776
4756
4644
4732
4776
4588
4428
4648
4860
4524
4576
4608
4692
4772
4616
4844
4780
4632
4468
4748
4700
4732
4788
4748
4644
4760
4760
4712
4756
4592
4772
4732
4772
4756
4828
4508
4828
4600
4772
4612
4752
4420
4804
4860
4560
4804
4720
4624
4632
4732
4632
4620
4648
4696
4760
4872
4668
4580
4748
4756
4828
4812
4468
4640
4760
4588
4532
4728
4780
4844
4744
4764
4484
4644
4856
4844
4848
4708
4528
4776
4540
4648
4908
4684
4644
4856
4816
4800
4724
4804
4492
4864
4812
4688
4772
4716
4780
4472
4884
4860
4756
4412
4732
4596
4872
4860
4844
4704
4824
4732
4856
4760
4584
4640
4828
4776
4776
4776
4768
4708
4528
4796
4456
4852
4856
4764
4460
4788
4744
4764
4648
4752
4688
4800
4732
4492
4824
4844
4704
4728
4672
4596
4788
4544
4596
4736
4436
4636
4824
4572
4496
4744
4820
4724
4824
4864
4868
4476
4500
4420
4896
4736
4396
4848
4596
4616
4444
4864
4756
4808
4640
4756
4792
4492
4840
4472
4812
4532
4508
4680
4860
4712
4728
4700
4608
4600
4764
4760
4864
4596
4744
4636
4636
4856
4600
4732
4736
4764
4800
4784
4776
4636
4780
4768
4856
4788
4876
4772
4732
4472
4816
4776
4740
4792
4812
4648
4756
4636
4688
4764
4460
4776
4856
4856
4696
4744
4636
4632
4468
4664
4776
4776
4656
4700
4420
4568
4536
4788
4456
4804
4752
4764
4756
4772
4676
4864
4708
4692
4708
4560
4408
4768
4712
4536
4764
4780
4708
4448
4640
4620
4856
4784
4776
4624
4732
4764
4780
4596
4692
4768
4768
4756
4636
4796
4768
4904
4780
4764
4744
4720
4776
4652
4836
4836
4776
4856
4712
4648
4824
4644
4708
4836
4836
4760
4780
4800
4592
4608
4880
4856
4852
4856
4780
4748
4528
4776
4776
4788
4840
4648
4860
4644
4904
4580
4612
4708
4740
4688
5048
5008
4820
4696
4964
4928
4788
5024
4912
4820
5068
4908
4936
4844
4980
5000
4872
4788
4720
4996
4988
4924
4776
4804
4812
4652
4900
4956
4912
5004
4984
4976
5000
4584
4952
4672
4800
4820
4820
4792
4892
4772
4908
4504
4856
4976
4700
4936
4840
4596
4824
4660
4872
4916
5036
5012
4944
4880
4996
4832
4692
4796
5012
5084
5040
4848
4944
4552
4836
4736
4704
5016
4992
4832
4736
4812
4532
4900
4844
4920
4796
4912
4760
4832
4952
4908
4712
4784
4688
4800
4856
4956
4916
4768
4956
4788
4960
4796
4856
4648
4900
4928
4840
4664
4772
5060
4836
4616
4992
4940
4984
4884
4660
4828
5024
4976
4652
4844
4876
4800
4600
4868
5008
4824
5004
4728
4884
4660
4732
4804
4836
4816
4680
5016
4936
4980
4832
4852
4732
4944
4936
4988
4964
4992
4980
4948
4944
4928
4912
5176
5072
5116
4888
4744
4772
4828
4780
4928
4912
4888
4740
4820
4800
5020
4944
4856
4684
4940
4956
4932
4796
5004
4996
4660
4924
4896
5000
4928
4932
4928
4904
4640
4816
4792
4688
4788
4852
4660
4952
5064
4836
4844
5044
4624
5000
4896
4956
4956
4984
4528
4788
4992
4832
4860
4856
4780
4876
4652
4528
4756
4720
4732
4796
4612
4652
4876
4772
4796
4884
4436
4964
4904
4772
4752
5016
4724
4856
4880
4828
4928
5024
5032
4916
4804
4668
4904
4988
4792
4992
4808
4556
4868
4892
4916
4948
4668
4744
4840
4932
4936
4812
4968
4988
4940
5000
4952
4844
4960
4856
4832
4820
4608
4668
4548
4880
4940
5016
5048
4956
4864
4704
4992
4896
4820
4820
4876
5164
5088
5228
4944
5120
5256
5204
5168
5028
4568
4824
4792
4968
4652
4648
4664
4808
4864
4900
4812
4916
4880
4504
4708
4780
4772
4944
4608
4608
4640
4940
4912
4684
4808
4780
4768
4644
5044
5012
4920
4884
4848
4920
4972
4692
4872
4880
4976
4900
4896
4828
4780
5028
4872
4928
4848
4988
4932
4744
4988
4960
4816
4788
4620
4752
4560
4924
4608
5028
4852
4716
4744
4816
4644
4764
4820
4668
4692
4872
4620
4704
4880
4800
5092
5004
4888
5032
4948
4640
4844
4852
4724
5008
5040
5044
4648
4848
4964
4964
5068
4848
4928
4976
4976
4788
4924
4932
4904
4668
5028
4976
4948
4936
4940
4804
5052
5048
4984
5004
4764
4644
4948
4836
5004
4996
5036
5048
4992
5020
4964
4960
4984
4908
5052
4980
4952
5100
5072
5004
4956
4740
4948
5060
4944
4948
5036
4984
4916
4968
4848
4968
5052
4900
5104
4996
4984
4696
4916
5008
5068
5052
5068
4988
4932
5024
4640
4912
4880
5020
5012
5076
4888
4660
4992
5004
4844
4976
5032
4876
5084
5116
4732
5132
5116
4944
4856
4956
5076
4972
5008
5028
4776
4984
4968
5048
5016
4948
4696
5072
5044
5012
5064
4784
5016
5028
4716
5044
4752
5048
5000
4732
5108
5060
4988
4940
4880
4676
5044
4896
4664
4924
4880
4940
4840
5008
4868
4932
5008
4972
4896
4944
4820
4928
4808
4984
4776
4656
5024
5040
4968
4940
4952
4988
4656
4996
4792
5068
5048
4720
4880
5060
5008
4912
4964
4724
4944
4880
5008
4900
4788
4952
4652
4912
5048
4592
4632
5040
4916
4608
4976
5056
4848
4996
4908
4928
4852
4880
4972
5004
4988
5052
5012
5016
5000
4800
4964
5040
4940
4916
4712
5048
5072
5036
4648
5060
4920
4864
5056
4940
4860
4732
4636
5032
4760
5004
4956
4888
5036
4692
5012
5080
4944
5040
5012
4988
4912
4844
5016
4716
5088
4892
5016
4812
4840
4956
5068
4828
4604
4940
5020
5028
4812
4640
4960
4932
4788
4928
4752
4956
4824
5124
4952
4956
4732
5000
4908
4704
4932
5032
5052
4932
4764
4848
4848
5060
4996
4944
5076
5064
4980
4928
4948
4924
4816
4936
4756
4652
4940
5004
5008
4860
4688
4828
5024
5020
4960
4924
4948
4840
4916
5004
4672
5032
4860
4996
4880
5008
4808
4940
4688
4644
4932
4944
5016
4860
4712
4924
5000
5036
5000
4744
5004
5032
4928
4912
5060
4868
5148
4920
5016
4772
4696
4940
5076
5024
4908
4872
4664
4796
5076
5076
4948
5052
4672
4960
4892
5056
4676
4892
4860
5028
4996
5048
4948
4704
5072
5024
4976
5020
4920
4664
5016
4880
4816
4956
4636
4828
4816
4692
4980
4864
4968
4916
4872
4872
4888
4988
5124
4972
4884
5052
4984
4812
4904
4868
4744
4968
4820
5084
4952
4964
4976
4992
4768
5064
4976
4888
5012
4696
4796
4820
4868
4872
5000
4704
5020
5060
4676
4948
4968
4660
4924
4684
4948
4992
4972
4880
5012
5056
5036
4764
5024
5008
4908
5004
5004
4944
5096
4920
5024
4800
4968
4952
5084
4892
5012
5080
4800
4788
4660
4884
4892
4792
4992
4972
5008
4972
4952
4760
4980
4968
4976
4896
4852
4644
4836
4960
4908
5000
4868
4916
5056
5080
5088
5008
4996
4844
5000
4744
5040
4712
4852
4980
4812
4704
5084
5032
4900
4984
4928
4944
4868
4964
4980
4996
4900
4816
5032
5016
4864
4980
4976
4848
4872
4828
4920
4772
5080
4968
4964
4952
5028
4988
4944
5012
4892
4968
4956
5016
4948
5068
5092
4980
5004
5068
4860
5064
5088
5052
4888
4940
5020
5056
5100
4888
5076
4728
4988
4900
4808
5048
5072
5040
5004
5072
4812
4968
4764
4944
4900
5000
4848
4968
5016
4984
4920
4828
4848
4732
4724
5028
4884
4664
4928
4956
4688
4956
4900
4984
4852
4916
4916
4620
4608
4876
4932
4680
4668
4952
4956
4964
4992
4884
4832
5080
5004
4920
4916
5028
4652
4996
4888
4924
4784
4780
5004
4964
4884
4948
5004
4908
4636
4976
4852
4976
4744
5028
4748
4804
5000
4900
4832
4664
4904
4892
4872
4680
4976
4856
4956
4700
4976
4988
4800
4664
4828
4720
4972
4864
5012
4944
4916
4892
5076
5028
4712
5076
4988
5028
5032
4956
4648
4856
4928
4576
4584
4712
4616
4768
5060
5016
5060
4948
4652
5024
4692
4928
4956
4976
4640
4864
4844
4884
4844
5052
5048
5052
5056
4976
4712
4720
5032
4652
5036
4944
5012
4920
4760
