0.01
0.01
0.01
0.01
0.03
0.01
0.02
0.01
0.01
0.01
0.01
0.02
0.01
0.02
0.02
0.02
0.02
0.03
0.01
0.02
0.03
0.03
0.02
0.01
0.02
0.02
0.04
0.05
0.03
0.02
0.03
0.02
0.02
0.01
0.02
0.02
0.01
0.02
0.03
0.04
0.02
0.03
0.03
0.01
0.01
0.01
0.03
0.00
0.04
0.04
0.00
0.01
0.02
0.02
0.01
0.01
0.02
0.03
0.02
0.02
0.04
0.03
0.02
0.01
0.02
0.02
0.01
0.01
0.02
0.03
0.04
0.02
0.02
0.03
0.02
0.01
0.01
0.01
0.02
0.01
0.01
0.02
0.01
0.01
0.01
0.05
0.01
0.01
0.02
0.01
0.03
0.01
0.02
0.01
0.02
0.01
0.02
0.03
0.03
0.05
0.01
0.02
0.02
0.02
0.02
0.01
0.02
0.02
0.02
0.03
0.02
0.01
0.02
0.01
0.02
0.01
0.01
0.01
0.01
0.01
0.01
0.01
0.01
0.01
0.01
0.01
0.02
0.01
0.02
0.01
0.01
0.01
0.02
0.01
0.01
0.01
0.02
0.03
0.02
0.02
0.02
0.02
0.03
0.03
0.02
0.04
0.02
0.02
0.01
0.02
0.02
0.02
0.04
0.02
0.01
0.01
0.00
0.01
0.01
0.03
0.02
0.01
0.02
0.02
0.01
0.01
0.01
0.01
0.01
0.03
0.03
0.03
0.01
0.02
0.01
0.02
0.02
0.02
0.02
0.02
0.03
0.03
0.02
0.03
0.02
0.01
0.00
0.05
0.01
0.05
0.02
0.01
0.03
0.02
0.01
0.02
0.02
0.01
0.01
0.02
0.01
0.01
0.01
0.01
0.01
0.01
0.03
0.03
0.01
0.02
0.02
0.01
0.01
0.01
0.01
0.02
0.01
0.04
0.02
0.01
0.02
0.02
0.01
0.01
0.01
0.01
0.03
0.03
0.05
0.01
0.01
0.02
0.01
0.03
0.01
0.02
0.01
0.01
0.02
0.02
0.01
0.02
0.01
0.03
0.00
0.03
0.01
0.01
0.02
0.01
0.01
0.02
0.01
0.02
0.01
0.02
0.03
0.01
0.02
0.01
0.01
0.01
0.03
0.02
0.01
0.02
0.02
0.01
0.01
0.01
0.02
0.01
0.01
0.02
0.03
0.02
0.02
0.02
0.01
0.01
0.01
0.05
0.01
0.01
0.03
0.02
0.03
0.02
0.02
0.02
0.02
0.01
0.03
0.02
0.02
0.02
0.02
0.02
0.04
0.03
0.02
0.02
0.01
0.04
0.02
0.02
0.02
0.03
0.01
0.01
0.02
0.01
0.02
0.02
0.01
0.02
0.01
0.03
0.03
0.02
0.01
0.02
0.02
0.01
0.01
0.02
0.03
0.01
0.01
0.01
0.01
0.03
0.01
0.01
0.02
0.02
0.02
0.01
0.01
0.00
0.02
0.01
0.01
0.01
0.01
0.02
0.01
0.01
0.02
0.01
0.01
0.02
0.01
0.02
0.01
0.02
0.02
0.01
0.01
0.01
0.01
0.01
0.02
0.01
0.01
0.01
0.02
0.02
0.02
0.01
0.02
0.01
0.01
0.01
0.01
0.01
0.02
0.02
0.01
0.01
0.02
0.01
0.02
0.01
0.02
0.01
0.00
0.01
0.01
0.02
0.01
0.01
0.02
0.01
0.03
0.02
0.02
0.01
0.01
0.01
0.02
0.01
0.02
0.02
0.01
0.05
0.01
0.01
0.01
0.01
0.02
0.01
0.01
0.03
0.02
0.01
0.01
0.02
0.01
0.01
0.01
0.01
0.01
0.02
0.02
0.01
0.02
0.02
0.00
0.01
0.01
1.97
0.24
0.06
0.04
0.02
0.05
0.05
0.03
0.06
0.09
0.04
0.04
0.02
0.03
0.02
0.07
0.05
0.64
0.56
0.59
0.49
0.49
0.49
0.52
0.44
0.56
0.63
0.41
0.51
0.50
0.43
0.58
0.62
0.58
0.50
0.41
0.47
0.50
0.40
0.68
0.49
1.16
0.54
0.46
0.76
0.67
0.47
0.56
0.66
0.56
0.45
0.64
0.46
0.47
0.45
0.49
0.51
0.48
0.38
0.58
0.64
0.75
0.80
0.92
0.57
0.52
0.49
0.41
0.59
0.66
0.55
0.58
0.45
0.75
0.48
0.56
0.70
0.58
0.57
0.63
0.54
0.68
0.87
0.44
0.55
0.54
0.66
0.57
0.53
0.80
0.60
0.41
0.85
0.51
0.46
0.44
0.71
0.67
0.53
0.85
0.49
0.54
0.59
0.84
0.88
0.47
0.59
0.50
0.63
0.40
0.57
0.59
0.58
0.59
0.53
0.44
0.55
0.47
0.71
0.43
0.56
0.82
0.46
0.59
0.56
0.62
0.55
0.66
0.48
0.66
0.46
0.91
0.55
0.66
0.50
0.48
0.65
0.62
0.89
0.65
0.49
0.47
0.43
0.63
0.69
0.71
0.81
0.52
0.57
0.49
0.49
0.46
0.79
0.62
0.62
0.58
0.54
0.58
0.63
0.64
0.50
0.45
0.66
0.49
0.57
0.45
0.38
0.87
0.54
0.74
0.53
0.56
0.52
0.57
0.56
0.58
0.57
0.54
0.76
0.59
0.50
0.48
0.59
0.78
0.64
0.51
0.52
0.49
0.76
0.58
0.60
0.48
0.84
0.72
0.84
0.45
0.67
0.51
0.58
0.67
0.55
0.57
0.54
0.53
0.65
0.70
0.62
0.81
0.61
0.57
0.55
0.62
0.50
0.63
0.43
0.43
0.57
0.48
0.44
0.69
0.73
0.61
0.62
0.75
0.47
0.51
0.56
0.64
0.39
0.79
0.63
0.90
0.51
0.74
0.48
0.63
0.62
0.60
0.64
0.55
0.46
0.59
0.53
0.65
0.46
0.63
0.50
0.63
0.60
0.61
0.59
0.47
0.57
0.51
0.49
0.48
0.43
0.47
0.44
0.71
0.43
0.58
0.44
0.43
0.56
0.45
0.60
0.55
0.69
0.60
0.53
0.90
0.65
0.59
0.70
0.59
0.62
0.78
0.81
0.49
0.48
0.45
0.66
1.75
0.95
1.75
0.83
0.65
0.92
0.86
0.79
1.60
1.13
1.44
0.89
0.81
0.62
1.03
0.68
0.95
0.58
1.14
0.83
0.90
1.07
1.18
0.81
0.57
0.89
1.37
0.58
0.89
0.95
0.87
0.99
0.72
0.97
0.67
0.88
1.02
0.79
1.04
0.91
0.75
0.73
0.80
0.71
0.64
1.00
0.69
0.96
0.90
0.83
0.72
1.24
1.10
1.06
0.79
0.89
0.89
1.14
0.87
0.54
0.71
1.25
0.86
0.94
1.03
1.04
1.02
1.03
0.87
0.71
0.92
0.75
0.77
0.84
1.15
0.81
0.88
1.03
0.89
1.09
1.40
0.69
1.08
0.84
1.68
1.50
1.17
0.85
0.96
0.93
0.94
0.72
0.73
1.14
1.17
0.95
1.07
0.94
0.68
0.85
0.76
0.83
0.70
1.41
0.87
1.51
1.07
0.61
0.67
1.01
0.35
0.90
1.09
0.77
0.80
0.84
0.74
0.63
0.50
0.85
0.73
0.85
0.28
0.18
0.24
0.25
0.22
0.22
0.13
0.37
0.22
0.20
0.18
0.12
0.19
0.18
0.17
0.24
0.24
0.17
0.17
0.39
0.20
0.19
0.19
0.25
0.18
0.18
0.21
0.19
0.16
0.18
0.17
0.24
0.21
0.20
0.80
0.20
0.20
0.15
0.22
0.21
1.27
0.22
0.24
0.15
0.16
0.87
0.54
2.78
2.35
2.53
3.12
2.97
2.07
2.45
3.10
3.39
3.41
2.03
2.00
2.24
2.28
2.59
2.71
2.38
2.02
2.08
2.24
2.20
2.75
2.38
3.17
1.71
3.09
2.10
2.47
3.44
2.54
3.10
3.75
2.75
2.69
2.68
2.63
2.74
2.84
2.49
2.21
2.33
2.35
2.02
2.60
2.25
2.02
3.23
3.56
2.52
2.58
2.60
2.29
2.41
2.22
2.19
2.40
3.62
2.12
4.49
7.39
5.30
3.17
0.26
0.26
0.28
0.27
0.90
0.42
0.40
0.27
0.46
0.37
0.37
0.31
0.48
0.44
6.39
0.54
4.45
2.49
0.00
0.00
0.00
0.00
0.00
0.00
0.00
0.00
0.00
0.00
0.00
0.00
0.00
0.00
0.00
0.00
0.00
0.00
0.00
0.00
0.00
0.00
0.29
0.52
0.52
0.52
0.46
0.49
0.81
0.51
0.99
0.47
0.88
1.01
1.97
0.92
0.07
0.12
0.09
0.20
0.05
0.26
0.18
0.01
0.02
0.01
0.01
0.12
0.01
0.04
0.18
0.90
0.19
0.02
0.09
0.06
0.05
0.06
0.05
0.04
0.04
0.02
0.05
0.03
0.02
0.03
0.02
0.05
0.08
0.11
0.04
0.06
0.07
0.01
0.01
0.04
0.02
0.01
0.01
0.01
0.06
0.09
0.04
0.04
0.10
0.03
0.04
0.04
0.03
0.03
0.03
0.01
0.01
0.00
0.00
0.00
0.01
0.00
0.04
0.02
0.06
0.04
0.02
0.02
0.02
0.03
0.02
0.02
0.03
0.05
0.26
0.03
0.21
0.05
0.13
0.18
0.28
0.09
0.03
0.01
0.00
0.01
0.01
0.01
0.02
0.03
0.03
0.05
0.03
0.03
0.04
0.06
0.60
0.17
0.01
0.27
0.77
0.29
0.49
2.55
0.93
0.78
1.35
0.62
0.35
0.08
0.02
0.07
0.08
0.10
0.12
0.09
0.01
0.58
1.16
1.52
0.91
1.73
0.19
0.14
0.08
0.20
0.16
2.51
0.08
0.26
0.27
0.12
0.12
0.12
0.18
0.28
0.12
0.78
1.45
2.09
0.56
0.29
1.80
0.50
1.77
0.38
0.29
1.46
0.21
0.09
0.35
1.05
0.84
0.98
2.10
0.89
0.64
0.15
0.17
0.19
0.33
0.18
0.18
0.23
0.22
0.65
0.18
0.18
0.14
0.15
0.29
0.94
0.63
0.18
1.59
0.19
0.19
0.15
0.21
0.80
0.42
0.77
0.72
0.91
0.14
0.66
0.65
0.24
0.82
0.16
0.26
0.86
0.18
0.68
0.16
0.24
1.32
0.86
0.19
0.98
1.16
0.89
0.22
0.04
0.04
0.06
0.07
0.56
0.68
0.48
0.62
0.43
0.36
0.52
0.46
1.50
0.89
0.85
0.51
0.76
0.43
1.13
0.32
0.66
1.23
0.43
0.46
0.85
0.50
0.44
0.50
0.74
0.97
0.82
0.93
0.89
0.70
0.77
0.44
1.07
0.72
1.20
0.69
0.89
0.70
0.44
0.91
0.95
0.76
0.69
1.49
0.35
1.14
1.57
0.81
0.33
0.86
0.48
0.46
0.39
0.91
0.44
0.43
0.35
0.93
0.36
1.43
0.41
0.74
0.85
0.54
0.36
0.86
0.40
0.55
0.56
0.44
1.43
0.68
0.97
0.33
0.84
0.44
0.33
0.40
0.47
0.35
0.38
0.48
0.71
0.36
0.53
0.44
0.27
0.34
0.32
0.35
0.28
0.48
0.31
0.46
0.79
0.83
0.46
0.57
0.41
0.83
0.53
0.70
0.89
0.85
0.35
0.46
0.40
0.36
0.93
1.31
0.93
1.16
0.74
0.71
0.93
0.37
0.83
0.76
1.12
0.40
0.77
0.56
0.68
0.60
0.88
1.36
0.53
0.44
0.38
0.37
0.56
0.49
2.95
0.00
0.00
0.00
0.00
0.00
0.00
0.00
0.00
0.00
0.00
0.00
0.00
0.00
0.00
0.00
0.00
0.00
0.00
0.00
0.00
0.00
0.00
0.00
0.00
0.00
0.00
0.00
0.00
0.00
0.00
0.00
0.00
0.00
0.00
0.00
0.00
0.00
0.00
0.00
0.00
0.00
0.00
0.00
0.00
0.00
0.00
0.00
0.00
0.00
0.00
0.00
0.00
0.00
0.00
0.00
0.00
0.00
0.00
0.00
0.00
0.00
0.00
0.00
0.00
0.00
0.00
0.00
0.00
0.00
0.00
0.00
0.00
0.00
0.00
0.00
0.00
0.00
0.00
0.00
0.00
0.00
0.00
0.00
0.00
0.00
0.00
0.00
0.00
0.00
0.00
0.00
0.00
0.00
0.00
0.00
0.00
0.00
0.00
0.00
0.00
0.00
0.00
0.00
0.00
0.00
0.00
0.00
0.00
0.00
0.00
0.00
0.00
0.00
0.00
0.00
0.00
0.00
0.00
0.00
0.00
0.00
0.00
0.00
0.00
0.00
0.00
0.00
0.00
0.00
2.96
0.00
0.00
0.00
0.00
0.00
0.00
0.00
0.00
0.00
0.00
0.00
0.00
0.00
0.00
0.00
0.00
0.00
0.00
0.00
0.00
0.00
0.00
0.00
0.00
0.00
0.00
0.00
0.00
0.00
0.00
0.00
0.00
0.00
0.00
0.00
0.00
0.00
0.00
0.00
0.00
0.00
0.00
0.00
0.00
0.00
0.00
0.00
0.00
0.00
0.00
0.00
0.00
0.00
0.00
0.00
0.00
0.00
0.00
0.00
0.00
0.00
0.00
0.00
0.00
0.00
0.00
0.00
0.00
0.00
0.00
0.00
0.00
0.00
0.00
0.00
0.00
0.00
0.00
2.29
0.00
0.00
0.00
0.00
0.00
0.00
0.00
0.00
0.00
0.00
0.00
0.00
0.00
0.00
0.00
0.00
0.00
0.00
0.00
0.00
0.00
0.00
0.00
0.00
0.00
0.00
0.00
0.00
0.00
0.00
0.00
0.00
0.00
0.00
0.00
0.00
0.00
0.00
0.00
0.00
0.00
0.00
0.00
0.00
0.00
0.00
0.00
0.00
0.00
0.00
0.00
0.00
0.00
0.00
0.00
0.00
0.24
0.00
0.00
0.00
0.00
0.00
0.00
0.48
0.00
2.85
0.59
0.00
0.00
0.00
0.00
0.00
0.00
0.00
0.00
0.00
0.00
0.00
0.00
2.51
0.00
0.00
2.05
0.81
0.00
0.00
0.00
0.00
0.00
0.00
0.60
0.00
0.00
0.00
0.00
0.00
0.00
0.00
0.00
0.00
0.00
0.00
0.00
0.00
0.00
0.00
0.00
0.79
0.63
0.00
0.00
0.00
0.00
0.00
0.00
0.00
0.00
0.00
0.00
0.00
0.00
0.00
0.00
0.00
0.00
0.00
0.00
0.00
0.00
0.00
0.00
0.01
0.00
0.01
0.00
0.00
0.00
0.00
0.00
0.00
0.00
0.00
0.00
0.00
2.17
0.00
0.00
0.00
0.00
0.00
0.00
0.00
0.00
0.00
0.00
0.00
0.00
0.00
0.00
0.00
0.00
0.00
0.00
0.00
0.00
0.00
0.00
0.00
0.00
0.00
0.00
0.00
0.00
0.00
0.00
0.00
0.00
0.00
0.00
0.00
0.00
0.00
0.00
0.00
0.00
0.55
0.00
0.00
0.00
0.00
0.00
0.00
0.00
0.00
0.00
0.00
0.00
0.00
0.00
0.00
0.00
0.00
0.00
0.00
0.00
0.00
2.39
0.00
0.00
0.00
0.00
0.00
0.00
0.00
0.00
0.00
0.00
0.00
0.00
0.00
0.00
0.00
0.00
0.00
0.00
0.00
0.00
0.00
0.00
0.00
0.00
0.00
0.00
0.00
0.00
0.00
0.00
0.00
0.00
0.00
0.00
0.00
0.00
0.00
0.00
0.00
0.00
0.00
0.00
0.00
0.00
0.00
0.00
0.00
0.00
0.00
0.00
0.00
0.00
0.00
0.00
0.00
0.00
0.00
0.00
0.00
0.00
0.00
0.00
0.00
0.00
0.00
0.00
0.00
0.00
0.00
0.00
0.00
0.00
0.00
0.00
0.00
0.00
0.00
0.00
0.00
0.00
0.00
0.00
0.00
0.00
0.00
0.00
0.00
0.00
0.00
0.00
0.00
0.00
0.00
0.00
0.00
0.00
0.00
0.00
0.00
0.06
0.04
0.04
0.07
0.05
0.04
0.00
0.00
0.01
0.01
0.00
0.00
0.00
0.00
0.00
0.00
0.00
0.00
0.00
0.00
0.00
0.01
0.00
0.00
0.01
0.01
0.01
0.01
0.01
0.01
0.02
0.02
0.03
0.01
0.01
0.00
0.00
0.00
0.00
0.00
0.00
0.00
0.01
0.00
0.00
0.00
0.00
0.00
0.00
0.00
0.00
0.00
0.00
0.00
0.00
0.00
0.00
0.00
0.00
0.00
0.00
0.00
0.00
0.00
0.00
0.00
0.00
0.00
0.00
0.00
0.00
0.00
0.00
0.00
0.00
0.00
0.00
0.00
0.00
0.00
0.00
0.00
0.00
0.00
0.00
0.00
0.00
0.00
0.00
0.00
0.00
0.00
0.00
0.00
0.00
0.00
0.00
0.00
0.00
0.00
0.00
0.00
0.00
0.00
0.00
0.00
0.00
0.00
0.00
0.00
0.00
0.00
0.00
0.00
0.00
0.00
0.00
0.00
0.00
0.00
0.00
0.00
0.00
0.00
0.00
0.00
0.00
0.00
0.00
0.00
0.00
0.00
0.00
0.00
0.00
0.00
0.00
0.00
0.00
0.00
0.00
0.00
0.00
0.00
0.00
0.00
0.00
0.00
0.00
0.00
0.00
0.00
0.00
0.00
0.00
0.00
0.00
0.00
0.00
0.00
0.00
0.00
0.00
0.00
0.00
0.00
0.00
0.00
0.00
0.00
0.00
0.00
0.00
0.00
0.00
0.00
0.00
0.00
0.00
0.00
0.00
0.00
0.00
0.00
0.00
0.00
0.00
0.00
0.00
0.00
0.00
0.00
0.00
0.00
0.00
0.00
0.00
0.00
0.00
0.00
0.00
0.00
0.00
0.00
0.00
0.00
0.03
0.04
0.07
0.06
0.00
0.00
0.01
0.01
0.01
0.00
0.00
0.01
0.00
0.01
0.00
0.01
0.05
0.05
0.07
0.07
0.06
0.06
0.09
0.06
0.05
0.07
0.07
0.08
0.00
0.00
0.00
0.00
0.00
0.00
0.00
0.00
0.00
0.00
0.00
0.00
0.00
0.00
0.00
0.00
0.00
0.00
0.00
0.00
0.00
0.00
0.00
0.00
0.00
0.00
0.00
0.00
0.00
0.00
0.00
0.00
0.00
0.00
0.00
0.00
0.00
0.00
0.00
0.00
0.00
0.00
0.00
0.00
0.00
0.00
0.00
0.00
0.00
0.00
0.00
0.00
0.00
0.00
0.00
0.00
0.00
0.00
0.00
0.00
0.00
0.00
0.00
0.00
0.00
0.00
0.00
0.00
0.00
0.00
0.00
0.00
0.00
0.00
0.00
0.00
0.00
0.00
0.00
0.00
0.00
0.00
0.00
0.00
0.00
0.00
0.00
0.00
0.00
0.00
0.00
0.00
0.00
0.00
0.00
0.00
0.00
0.00
0.00
0.00
0.00
0.00
0.00
0.00
0.00
0.00
0.00
0.00
0.00
0.00
0.00
0.00
0.00
0.00
0.00
0.00
0.00
0.00
0.00
0.00
0.00
0.00
0.00
0.00
0.00
0.00
0.00
0.00
0.00
0.00
0.00
0.00
0.00
0.00
0.00
0.00
0.00
0.00
0.00
0.00
0.00
0.00
0.00
0.00
0.00
0.00
0.00
0.00
0.00
0.00
0.00
0.00
0.00
0.00
0.00
0.00
0.00
0.00
0.00
0.00
0.00
0.00
0.00
0.00
0.00
0.00
0.00
0.00
0.00
0.00
0.00
0.00
0.00
0.00
0.00
0.00
0.00
0.00
0.00
0.00
0.00
0.00
0.00
0.00
0.00
0.00
0.00
0.00
0.00
0.00
0.00
0.00
0.00
0.00
0.00
0.00
0.00
0.00
0.00
0.00
0.00
0.00
0.00
0.00
0.00
0.00
0.00
0.00
0.00
0.00
0.00
0.00
0.00
0.00
0.00
0.00
0.00
0.00
0.00
0.00
0.00
0.00
0.00
0.00
0.00
0.00
0.00
0.00
0.00
0.00
0.00
0.00
0.00
0.00
0.00
0.00
0.00
0.00
0.00
0.00
0.00
0.00
0.00
0.00
0.00
0.00
0.00
0.00
0.00
0.00
0.00
0.00
0.00
0.00
0.00
0.00
0.00
0.00
0.00
0.00
0.00
0.00
0.00
0.00
0.00
0.00
0.00
0.00
0.00
0.00
0.00
0.00
0.00
0.00
0.00
0.00
0.00
0.00
0.00
0.00
0.00
0.00
0.00
0.00
0.00
0.00
0.00
0.00
0.00
0.00
0.00
0.00
0.00
0.00
0.00
0.00
0.00
0.00
0.00
0.00
0.00
0.00
0.00
0.00
0.00
0.00
0.00
0.00
0.00
0.00
0.00
0.00
0.00
0.00
0.00
0.00
0.00
0.00
0.00
0.00
0.00
0.00
0.00
0.00
0.00
0.00
0.00
0.00
0.00
0.00
0.00
0.00
0.00
0.00
0.00
0.00
0.00
0.00
0.00
0.00
0.00
0.00
0.00
0.00
0.00
0.00
0.00
0.00
0.00
0.00
0.00
0.00
0.00
0.00
0.00
0.00
0.00
0.00
0.00
0.00
0.00
0.00
0.00
0.00
0.00
0.00
0.00
0.00
0.00
0.00
0.00
0.00
0.00
0.00
0.00
0.00
0.00
0.00
0.00
0.00
0.00
0.00
0.00
0.00
0.00
0.00
0.00
0.00
0.00
0.00
0.00
0.00
0.00
0.00
0.00
0.00
0.00
0.00
0.00
0.00
0.00
0.00
0.00
0.00
0.00
0.00
0.00
0.00
0.00
0.00
0.00
0.00
0.00
0.00
0.00
0.00
0.00
0.00
0.00
0.00
0.00
0.00
0.00
0.00
0.00
0.00
0.00
0.00
0.00
0.00
0.00
0.00
0.00
0.00
0.00
0.00
0.00
0.00
0.00
0.00
0.00
0.00
0.00
0.00
0.00
0.00
0.00
0.00
0.00
0.00
0.00
0.00
0.00
0.00
0.00
0.00
0.00
0.00
0.00
0.00
0.00
0.00
0.00
0.00
0.00
0.00
0.00
0.00
0.00
0.00
0.00
0.00
0.00
0.00
0.00
0.00
0.00
0.00
0.00
0.00
0.00
0.00
0.00
0.00
0.00
0.00
0.00
0.00
0.00
0.00
0.00
0.00
0.00
0.00
0.00
0.00
0.00
0.00
0.00
0.00
0.00
0.00
0.00
0.00
0.00
0.00
0.00
0.00
0.00
0.00
0.00
0.00
0.00
0.00
0.00
0.00
0.00
0.00
0.00
0.00
0.00
0.00
0.00
0.00
0.00
0.00
0.00
0.00
0.00
0.00
0.00
0.00
0.00
0.00
0.00
0.00
0.00
0.00
0.00
0.00
0.00
0.00
0.00
0.00
0.00
0.00
0.00
0.00
0.00
0.00
0.00
0.00
0.00
0.00
0.00
0.00
0.00
0.00
0.00
0.00
0.00
0.00
0.00
0.00
0.00
0.00
0.00
0.00
0.00
0.00
0.00
0.00
0.00
0.00
0.00
0.00
0.00
0.00
0.00
0.00
0.00
0.00
0.00
0.00
0.00
0.00
0.00
0.00
0.00
0.00
0.00
0.01
0.02
0.00
0.00
0.02
0.00
0.00
0.01
0.01
0.01
0.01
0.01
0.01
0.02
0.02
0.01
0.01
0.01
0.00
0.01
0.01
0.00
0.01
0.01
0.02
0.01
0.01
0.01
0.01
0.01
0.01
0.01
0.01
0.01
0.01
0.00
0.00
0.00
0.00
0.00
0.00
0.00
0.00
0.00
0.01
0.01
0.00
0.01
0.01
0.00
0.00
0.00
0.00
0.01
0.01
0.01
0.01
0.02
0.01
0.01
0.00
0.00
0.02
0.06
0.02
0.00
0.01
0.00
0.00
0.01
0.00
0.01
0.01
0.00
0.00
0.00
0.00
0.01
0.01
0.01
0.01
0.01
0.01
0.01
0.02
0.00
0.00
0.00
0.00
0.00
0.00
0.01
0.02
0.00
0.01
0.01
0.01
0.00
0.00
0.00
0.01
0.01
0.01
0.01
0.01
0.03
0.01
0.01
0.01
0.01
0.01
0.00
0.01
0.00
0.01
0.01
0.01
0.03
0.03
0.00
0.00
0.01
0.01
0.00
0.01
0.00
0.00
0.01
0.00
0.00
0.00
0.00
0.00
0.01
0.01
0.01
0.00
0.00
0.00
0.01
0.02
0.01
0.02
0.02
0.01
0.01
0.01
0.01
0.01
0.07
0.03
0.03
0.00
0.00
0.00
0.00
0.00
0.01
0.01
0.02
0.00
0.01
0.01
0.02
0.01
0.02
0.02
0.01
0.01
0.02
0.00
0.02
0.02
0.01
0.02
0.01
0.01
0.02
0.01
0.01
0.01
0.01
0.01
0.00
0.00
0.00
0.00
0.01
0.02
0.01
0.00
0.01
0.02
0.01
0.01
0.01
0.01
0.02
0.01
0.00
0.01
0.01
0.00
0.00
0.00
0.00
0.00
0.00
0.00
0.00
0.00
0.00
0.00
0.00
0.00
0.00
0.00
0.00
0.01
0.00
0.01
0.00
0.00
0.00
0.01
0.00
0.01
0.01
0.01
0.02
0.01
0.01
0.01
0.00
0.00
0.00
0.01
0.01
0.02
0.01
0.00
0.00
0.01
0.01
0.01
0.02
0.00
0.02
0.01
0.01
0.02
0.01
0.01
0.01
0.02
0.01
0.00
0.02
0.00
0.00
0.00
0.00
0.00
0.00
0.00
0.01
0.03
0.03
0.01
0.00
0.02
0.01
0.01
0.00
0.00
0.00
0.07
0.07
0.07
0.04
0.05
0.11
0.05
0.07
0.07
0.00
0.00
0.02
0.01
0.01
0.01
0.00
0.00
0.00
0.00
0.01
0.01
0.00
0.00
0.00
0.00
0.00
0.01
0.00
0.00
0.01
0.02
0.01
0.00
0.00
0.00
0.01
0.01
0.01
0.01
0.01
0.02
0.00
0.01
0.01
0.01
0.01
0.00
0.02
0.01
0.00
0.00
0.01
0.01
0.01
0.01
0.01
0.02
0.02
0.00
0.01
0.01
0.01
0.01
0.00
0.00
0.00
0.00
0.00
0.02
0.01
0.00
0.00
0.00
0.00
0.00
0.03
0.00
0.00
0.01
0.01
0.00
0.01
0.02
0.02
0.01
0.01
0.01
0.01
0.01
0.05
0.00
0.02
0.02
0.02
0.02
0.00
0.02
0.01
0.02
0.02
0.02
0.01
0.02
0.01
0.01
0.01
0.01
0.01
0.02
0.02
0.02
0.01
0.02
0.01
0.01
0.02
0.03
0.02
0.03
0.03
0.02
0.01
0.00
0.01
0.02
0.02
0.02
0.02
0.02
0.02
0.02
0.01
0.02
0.02
0.01
0.04
0.04
0.05
0.02
0.01
0.01
0.01
0.05
0.03
0.03
0.03
0.01
0.04
0.02
0.02
0.02
0.02
0.01
0.02
0.02
0.02
0.02
0.02
0.02
0.02
0.02
0.03
0.02
0.02
0.02
0.02
0.02
0.01
0.02
0.02
0.02
0.02
0.02
0.03
0.02
0.02
0.02
0.04
0.02
0.03
0.05
0.05
0.04
0.05
0.02
0.03
0.03
0.05
0.04
0.02
0.02
0.02
0.02
0.02
0.02
0.02
0.02
0.01
0.02
0.02
0.02
0.02
0.02
0.02
0.01
0.03
0.04
0.01
0.02
0.02
0.03
0.04
0.06
0.03
0.02
0.01
0.00
0.01
0.00
0.01
0.01
0.05
0.00
0.00
0.01
0.02
0.02
0.02
0.01
0.02
0.02
0.02
0.01
0.02
0.02
0.01
0.02
0.02
0.01
0.01
0.01
0.01
0.01
0.01
0.01
0.01
0.02
0.03
0.02
0.02
0.02
0.01
0.01
0.01
0.00
0.01
0.01
0.01
0.02
0.01
0.02
0.01
0.01
0.01
0.00
0.01
0.03
0.01
0.00
0.01
0.02
0.01
0.01
0.00
0.02
0.02
0.03
0.01
0.02
0.02
0.02
0.03
0.01
0.02
0.01
0.02
0.05
0.03
0.03
0.03
0.01
0.02
0.02
0.02
0.02
0.03
0.02
0.02
0.02
0.03
0.01
0.01
0.03
0.03
0.02
0.03
0.03
0.03
0.02
0.02
0.03
0.02
0.02
0.01
0.02
0.01
0.02
0.03
0.02
0.02
0.03
0.01
0.00
0.01
0.02
0.03
0.00
0.01
0.02
0.02
0.01
0.00
0.02
0.02
0.02
0.02
0.01
0.03
0.02
0.01
0.03
0.02
0.02
0.02
0.02
0.01
0.02
0.01
0.01
0.02
0.01
0.03
0.02
0.02
0.04
0.01
0.01
0.02
0.02
0.01
0.01
0.02
0.02
0.01
0.01
0.01
0.01
0.01
0.03
0.02
0.02
0.01
0.02
0.02
0.01
0.02
0.01
0.03
0.01
0.01
0.03
0.02
0.03
0.02
0.01
0.01
0.05
0.01
0.01
0.02
0.02
0.02
0.02
0.02
0.02
0.02
0.02
0.04
0.02
0.02
0.03
0.03
0.02
0.01
0.01
0.03
0.02
0.04
0.01
0.03
0.03
0.01
0.01
0.02
0.02
0.01
0.03
0.01
0.02
0.03
0.03
0.03
0.03
0.02
0.02
0.03
0.02
0.02
0.01
0.04
0.03
0.02
0.02
0.03
0.03
0.02
0.02
0.02
0.01
0.02
0.02
0.02
0.01
0.02
0.03
0.01
0.01
0.01
0.01
0.02
0.03
0.02
0.01
0.02
0.02
0.02
0.04
0.04
0.01
0.02
0.03
0.01
0.02
0.01
0.04
0.03
0.00
0.01
0.02
0.02
0.01
0.02
0.02
0.05
0.02
0.01
0.03
0.02
0.02
0.01
0.01
0.01
0.01
0.02
0.02
0.02
0.02
0.02
0.01
0.02
0.01
0.01
0.01
0.02
0.03
0.02
0.03
0.02
0.02
0.02
0.03
0.02
0.03
0.02
0.02
0.03
0.02
0.04
0.02
0.03
0.02
0.02
0.02
0.02
0.03
0.02
0.02
0.00
0.00
0.00
0.01
0.02
0.02
0.00
0.03
0.01
0.01
0.01
0.01
0.00
0.01
0.01
0.01
0.01
0.01
0.01
0.01
0.00
0.02
0.02
0.02
0.02
0.03
0.02
0.03
0.01
0.02
0.02
0.03
0.03
0.00
0.02
0.02
0.01
0.02
0.02
0.02
0.02
0.03
0.02
0.02
0.02
0.02
0.02
0.01
0.01
0.02
0.02
0.01
0.01
0.01
0.02
0.03
0.02
0.02
0.01
0.02
0.03
0.02
0.02
0.02
0.02
0.02
0.03
0.01
0.01
0.02
0.03
0.03
0.02
0.03
0.03
0.02
0.01
0.02
0.01
0.04
0.04
0.01
0.02
0.02
0.01
0.02
0.03
0.02
0.02
0.02
0.02
0.01
0.02
0.02
0.02
0.02
0.03
0.02
0.00
0.01
0.00
0.02
0.00
0.03
0.01
0.01
0.03
0.03
0.01
0.01
0.02
0.02
0.02
0.03
0.01
0.02
0.02
0.01
0.02
0.01
0.02
0.02
0.01
0.02
0.01
0.01
0.01
0.01
0.01
0.03
0.02
0.02
0.04
0.02
0.01
0.01
0.01
0.03
0.01
0.01
0.01
0.01
0.01
0.02
0.01
0.01
0.01
0.01
0.01
0.01
0.03
0.01
0.01
0.01
0.01
0.01
0.01
0.02
0.00
0.02
0.00
0.00
0.02
0.01
0.01
0.01
0.01
0.01
0.01
0.01
0.02
0.01
0.01
0.02
0.03
0.03
0.01
0.01
0.01
0.01
0.01
0.01
0.01
0.04
0.01
0.02
0.02
0.01
0.00
0.04
0.02
0.01
0.02
0.03
0.02
0.00
0.01
0.00
0.00
0.00
0.01
0.03
0.03
0.02
0.03
0.01
0.00
0.02
0.03
0.02
0.02
0.02
0.01
0.01
0.01
0.00
0.02
0.04
0.03
0.03
0.03
0.02
0.02
0.02
0.02
0.02
0.02
0.03
0.02
0.03
0.01
