4880
4956
4900
5020
4728
4772
4960
4664
4968
4968
4836
4980
4784
4876
4924
5004
4872
5068
4956
4888
4880
4904
5056
4752
4960
4972
4992
5040
4908
4876
4988
4884
4952
4812
4956
4952
4680
5016
4968
5012
4928
4944
5064
4904
4640
5008
4976
4700
5028
4948
4944
4940
4840
4832
4924
4596
5048
4848
4920
4904
5012
5028
4704
5012
5048
4992
5008
4792
4912
4720
5012
5016
4952
4860
5052
4920
4856
4916
4908
4888
4996
4928
4892
4640
5004
4968
5004
4936
4664
4976
4900
4844
4676
4788
4944
4980
4704
5084
4768
5052
4916
4960
4904
4824
4660
4820
4840
4824
5004
5100
5004
4860
5008
4876
4952
5004
4884
4644
4668
4944
4924
4828
4632
4916
4984
4928
4992
5012
4944
4892
4644
5028
4840
4996
4764
4840
4844
4712
4752
5044
4644
5004
4996
4936
4988
5004
4940
4960
4992
4844
4824
5008
5104
5084
4840
4760
4752
4928
4632
5008
4936
4620
4800
4700
4892
4976
4948
4648
5012
4960
5076
4700
5052
5016
4960
5024
5044
5112
5024
4696
4932
4924
4848
5024
4944
4936
4880
4912
4928
5048
4956
5000
4900
4664
4836
4984
5040
4660
4976
4916
4600
5028
4756
4860
4892
4748
4980
5004
4768
4640
4688
4944
5012
4912
4996
4664
4968
5028
4900
5012
4932
4976
4900
4948
4656
4892
5020
4888
4904
4884
4868
4972
4760
5024
4976
4812
4964
4788
4840
4856
4956
5048
4964
4884
4764
5092
4960
5008
4996
4672
4920
4928
4752
4808
4940
4940
4700
4860
5000
4732
4832
4868
5036
4684
4992
5016
4652
4752
4868
4896
4688
4672
4912
4804
5060
4696
4852
4976
4904
4924
4616
4768
4952
4992
4960
4996
4764
4632
4928
4864
4904
4904
4888
4924
4972
4932
5068
4944
5032
4944
4936
4932
5024
4776
4992
5008
5020
4980
4972
4984
4812
5028
4788
5032
4928
5032
4632
4896
4972
5052
4916
4988
4888
4940
4976
4888
5052
4812
4932
4832
4984
5100
4996
4972
4688
4704
4792
4968
4828
4756
5036
4876
4928
4984
5012
5024
4928
4816
4648
4976
4872
4948
4788
4992
4628
4704
4884
4628
4760
4832
4800
4888
4960
4996
4856
4924
4848
4996
4676
4648
4828
4876
4972
4644
4780
4788
4916
4956
4904
4980
4980
4984
4964
4872
4988
4632
4928
4916
4916
5008
4940
4892
5004
5000
5028
4976
4996
4920
4792
4916
5024
4672
4992
5060
4756
4920
4868
4776
4628
4952
4812
4828
4948
5012
4984
4936
4808
4972
4964
4988
4824
4776
4772
4848
5060
4656
4956
4776
4812
4936
5008
6320
5300
5096
5080
5072
5140
5052
4924
4800
5184
4764
5048
4700
4744
4968
4980
4964
5580
5552
5544
5532
5556
5620
5544
5552
5652
5812
5304
5628
5824
5340
5748
5716
5716
5844
5532
5608
5656
5572
5728
5656
6196
5660
5516
5840
5852
5620
5504
5588
5656
5632
5556
5492
5648
5596
5636
5588
5648
5468
5532
5688
5716
5660
5816
5664
5624
5600
5564
5532
5604
5696
5664
5664
5664
5504
5616
5708
5612
5304
5692
5776
5784
5900
5556
5596
5668
5668
5608
5528
5868
5604
5456
5596
5500
5556
5468
5596
5744
5736
5972
5496
5536
5620
5728
5996
5532
5700
5612
5560
5556
5428
5488
5544
5728
5668
5596
5444
5560
5768
5584
5540
5748
5572
5480
5592
5616
5520
5688
5648
5752
5508
5976
5696
5620
5500
5484
5848
5760
5772
5764
5668
5644
5508
5760
5852
5820
5836
5520
5672
5588
5532
5480
5804
5632
5736
5788
5660
5408
5572
5776
5388
5588
5576
5660
5720
5496
5520
5928
5776
5756
5716
5588
5488
5664
5540
5672
5588
5620
5672
5728
5516
5520
5424
5764
5688
5692
5584
5672
5832
5756
5528
5480
5788
5768
5824
5528
5720
5436
5568
5856
5428
5736
5652
5708
5812
5684
5760
5940
5700
5564
5684
5672
5624
5692
5608
5536
5736
5664
5492
5708
5892
5756
5764
5796
5744
5604
5740
5812
5516
5960
5768
6076
5388
5812
5668
5660
5648
5556
5892
5772
5612
5740
5796
5580
5484
5684
5536
5812
5540
5656
5748
5576
5676
5588
5636
5640
5352
5604
5488
5668
5580
5680
5640
5580
5584
5424
5808
5472
5760
5560
5512
5948
5532
5640
5788
5572
5464
5780
5780
5444
5284
5420
5884
6448
5840
6368
5776
5848
5824
5652
5868
6236
6072
6140
5936
5752
5460
5884
5568
5928
5540
5968
5888
5940
5880
6056
5680
5724
5692
6144
5632
5716
5908
6048
5952
5680
5960
5516
5988
5868
5812
6024
5928
5840
5548
5784
5772
5940
5948
5736
5856
5912
5712
5852
6180
5832
6032
5832
6032
5860
6128
5968
5684
5848
6144
5800
5912
5868
5844
5824
6040
5832
5844
6036
5664
5704
5840
5908
5916
5892
5732
5852
5964
6148
5828
5776
5656
6224
6020
6220
5880
6048
6000
5996
5632
5664
6068
5988
5952
5908
5912
5620
5772
5752
5860
5608
6304
5944
6268
5900
5772
5720
6004
5420
5708
6016
5840
5776
5756
5744
5848
5536
6000
5556
5880
5388
5016
5336
5068
5320
5356
5332
5528
5216
5080
5352
5240
5140
5384
5156
5064
5388
5368
5280
5544
5236
5268
5284
5184
5056
5300
5316
5380
5292
5188
5268
5352
5240
5412
5804
5408
5296
5312
5376
5204
6028
5268
5040
5232
5408
5900
5740
7308
7112
7160
7540
7560
6908
7200
7252
7372
7176
6692
6564
6904
7244
6992
7164
6856
6732
6776
7080
6924
7152
7048
7556
6640
7368
6640
7056
7568
6828
7508
7688
7112
7120
7140
7096
7280
7160
6992
7152
7044
7032
7080
7036
6620
6508
7844
7332
6880
7368
7160
7072
6884
6828
6692
7316
7864
7364
8476
8560
8228
7492
5396
5320
5148
5428
5836
5184
5256
5380
5136
5296
5284
5432
5616
5388
8468
5624
8256
7084
4776
4876
4808
4688
4764
4784
4652
4680
4788
4820
4756
4524
4796
4768
4804
4848
4796
4860
4764
4828
4920
4524
5100
5684
5600
5628
5692
5624
5780
5604
5756
5660
5776
5932
6632
5920
5192
5220
5128
5064
5088
5352
5092
4772
4904
4804
5012
5276
4984
4940
5372
5624
5200
5076
5104
5152
5180
5036
5192
4756
4944
4976
5068
5072
4708
4720
4864
5136
5080
4904
4748
5168
4832
4804
4952
5052
5020
4876
4760
4904
5020
5172
4748
5024
4860
5048
5104
5020
4716
4940
5056
4816
4828
4880
4940
4868
5008
4896
5028
4728
5144
5040
4976
4896
4960
4692
5036
5032
5032
4904
5392
4876
5400
5068
5148
5332
5252
4828
5024
4856
4576
4980
4936
4752
5048
5064
5036
5048
4916
4904
4892
5108
5576
4992
4944
5228
5812
5372
5544
6592
5840
5620
6088
5512
5368
5076
4740
5016
4836
5024
5068
5136
4912
5652
6000
6156
6036
6464
5380
5304
5024
5392
5308
6604
5244
5096
5240
5188
5304
5252
5248
5404
5328
5600
6000
6388
5496
5352
6480
5336
6552
5540
5148
6292
5468
5004
5252
6080
5692
5824
6664
5960
5752
5236
5252
5224
5452
5420
5392
5124
5220
5480
5228
5208
5036
5292
5212
5832
5248
5328
6348
5276
5288
5352
5064
5952
5428
5940
5660
5908
5264
5660
5688
5312
5760
5200
5360
5684
5192
5892
5468
5428
6204
5820
5404
5888
5812
5564
5384
5120
5132
5172
5128
5540
5748
5592
5632
5540
5332
5652
5604
6256
5916
5844
5712
5712
5396
6024
5360
5608
6028
5260
5552
5772
5692
5204
5680
5892
5916
5812
5976
5956
5716
5868
5424
6000
5852
5848
5628
5988
5744
5420
6032
5720
5640
5720
6160
5476
5756
6208
5824
5280
6000
5552
5468
5512
5904
5596
5264
5456
5912
5436
6052
5624
5736
5984
5480
5460
5852
5392
5640
5728
5588
6148
5724
5956
5392
5864
5488
5220
5308
5512
5528
5288
5108
5784
5180
5528
5572
5440
5224
5488
5412
5372
5280
5084
5516
5860
5828
5620
5584
5580
5824
5636
5772
5784
5984
5472
5720
5440
5504
5880
6032
5876
6140
5808
5732
5816
5300
5984
5868
5912
5308
5780
5536
5868
5720
5792
6160
5516
5516
5516
5304
5484
5428
7276
4836
4828
4568
4780
4832
4492
4900
4676
4836
4880
4548
4712
4860
4888
4548
4808
4756
4820
4684
4496
4812
4544
4724
4704
4764
4828
4852
4808
4556
4864
4592
4780
4712
4796
4644
4696
4828
4876
4652
4848
4900
4796
4896
4740
4712
4804
4768
4904
4828
4840
4540
4772
4720
4892
4876
4816
4848
4672
4812
4808
4564
4824
4780
4620
4832
4840
4772
4876
4496
4720
4908
4716
4876
4664
4680
4888
4716
4848
4688
4500
4840
4792
4888
4684
4844
4676
4864
4908
4680
4484
4772
4884
4556
4828
4784
4792
4864
4796
4600
4832
4676
4560
4840
4880
4560
4716
4788
4660
4704
4816
4584
4844
4724
4696
4768
4836
4780
4456
4680
4408
4744
4580
4456
4576
4812
4832
4720
4716
4756
7336
4744
4752
4688
4636
4688
4840
4588
4436
4728
4640
4436
4696
4764
4620
4644
4620
4828
4736
4448
4760
4592
4684
4828
4680
4748
4764
4440
4752
4732
4676
4612
4576
4680
4736
4744
4828
4760
4720
4448
4720
4800
4720
4416
4432
4844
4688
4672
4592
4740
4748
4552
4620
4856
4820
4732
4728
4744
4532
4684
4716
4540
4648
4780
4612
4624
4452
4676
4668
4560
4836
4668
4620
4736
4724
4416
4772
4744
4816
7060
4832
4428
4768
4448
4708
4684
4716
4736
4440
4556
4744
4808
4864
4748
4432
4852
4424
4696
4744
4696
4588
4588
4740
4728
4580
4668
4728
4700
4832
4440
4660
4740
4656
4688
4836
4780
4436
4736
4640
4892
4788
4668
4708
4704
4784
4560
4756
4772
4880
4612
4844
4728
4744
4780
4792
4568
5304
4632
4752
4552
4756
4532
4624
5604
4736
7560
5552
4624
4620
4792
4632
4748
4920
4612
4716
4668
4868
4700
4772
7212
4640
4720
6748
5832
4588
4660
4724
4756
4400
4756
5708
4584
4780
4444
4756
4508
4680
4644
4740
4712
4700
4808
4456
4868
4736
4756
4776
5980
5648
4688
4688
4584
4460
4720
4392
4560
4768
4656
4688
4632
4716
4656
4652
4768
4504
4796
4604
4704
4736
4672
4384
4816
4720
4972
4816
4424
4672
4744
4716
4772
4828
4660
4672
4796
7012
4628
4640
4888
4844
4844
4572
4756
4640
4764
4736
4776
4696
4808
4732
4788
4408
4728
4736
4628
4756
4428
4748
4652
4760
4688
4732
4504
4828
4776
4416
4688
4684
4736
4672
4612
4424
4624
4796
4744
4404
5784
4776
4780
4644
4636
4796
4812
4632
4508
4640
4728
4732
4596
4448
4444
4776
4736
4636
4716
4688
4816
6948
4616
4628
4756
4772
4616
4628
4600
4828
4692
4748
4756
4772
4464
4680
4572
4680
4764
4864
4740
4792
4732
4684
4756
4800
4692
4576
4664
4516
4840
4624
4760
4848
4700
4424
4456
4396
4804
4604
4688
4792
4748
4784
4624
4760
4784
4792
4580
4768
4460
4804
4824
4576
4460
4464
4636
4856
4788
4876
4636
4652
4560
4768
4804
4888
4588
4696
4456
4752
4688
4736
4668
4664
4668
4780
4696
4820
4728
4460
4456
4668
4588
4832
4568
4792
4788
4792
4580
4656
4852
4876
4524
4900
4864
4796
4836
4840
4816
4692
4764
5100
4912
5052
5124
5040
5048
4884
4592
4696
4888
4820
4948
4744
4916
4720
4700
4824
4872
4912
4876
4968
4884
4812
4512
4852
4648
4632
4920
4784
4624
4968
4840
4924
4964
4996
4684
4848
4500
4700
4716
4644
4852
4932
4868
4860
4836
4468
4788
4748
4772
4656
4876
4808
4728
4752
4696
4676
4608
4848
4844
4788
4648
4448
4856
4744
4808
4448
4576
4740
4664
4760
4604
4444
4848
4724
4840
4740
4716
4596
4796
4684
4628
4632
4764
4664
4692
4736
4840
4700
4648
4708
4540
4888
4836
4680
4412
4672
4884
4860
4636
4468
4784
4868
4792
4812
4748
4404
4752
4648
4740
4864
4772
4800
4832
4568
4792
4744
4748
4748
4744
4784
4560
4776
4744
4836
4588
4564
4456
4560
4672
4740
4548
4676
4744
4772
4688
4828
4756
4436
4608
4800
4452
4456
4760
4568
4620
4628
4620
4656
4748
4808
4740
4704
4616
4688
4676
4740
4656
4840
4760
4712
4756
4816
4704
4748
4668
4460
4584
4840
4448
4744
4452
4664
4772
4624
4604
4744
4844
4800
4420
4684
4700
4736
4800
4836
4856
4812
4844
4892
4680
4752
4532
4792
4484
4824
4596
4652
4776
4500
4668
4752
4820
4692
4508
4872
4728
4972
4968
5072
5144
4460
4780
4916
4772
4928
4904
4912
4888
4836
4836
4580
4888
5048
5028
5120
4852
4996
5008
5060
4820
5164
5196
4980
5244
4772
4688
4636
4704
4796
4788
4572
4776
4868
4792
4760
4732
4708
4736
4776
4772
4828
4704
4836
4776
4688
4808
4836
4856
4636
4720
4784
4688
4640
4732
4776
4644
4468
4832
4756
4740
4792
4796
4772
4672
4440
4684
4636
4824
4812
4748
4456
4588
4796
4860
4868
4880
4692
4464
4804
4832
4720
4688
4484
4848
4780
4740
4812
4516
4712
4768
4736
4848
4864
4700
4788
4720
4592
4712
4696
4808
4692
4768
4536
4580
4752
4780
4784
4800
4872
4756
4456
4880
4880
4604
4552
4520
4736
4640
4640
4876
4580
4860
4720
4728
4772
4692
4848
4580
4808
4440
4644
4836
4840
4768
4796
4824
4732
4620
4768
4776
4688
4892
4780
4760
4520
4524
4640
4876
4676
4828
4776
4732
4836
4848
4608
4752
4832
4772
4672
4860
4844
4852
4804
4472
4776
4876
4432
4620
4432
4768
4428
4636
4808
4760
4768
4796
4840
4628
4556
4564
4772
4812
4780
4736
4676
4836
4524
4816
4772
4636
4456
4600
4500
4704
4792
4632
4824
4708
4804
4788
4788
4764
4784
4840
4780
4612
4784
4744
4628
4424
4780
4844
4764
4460
4656
4776
4796
4852
4880
4732
4748
4512
4480
4780
4740
4772
4508
4644
4840
4576
4644
4784
4848
4840
4696
4632
4864
4744
4676
4728
4472
4780
4808
4768
4796
4468
4804
4612
4736
4436
4844
4520
4644
4772
4716
4804
4424
4828
4836
4768
4676
4728
4656
4804
4624
4632
4736
4600
4636
4692
4720
4596
4764
4808
4768
4804
4764
4744
4468
4752
4888
4748
4764
4852
4644
4860
4636
4596
4844
4768
4576
4664
4712
4768
4760
4768
4452
4600
4624
4800
4444
4652
4740
4808
4576
4780
4820
4588
4576
4776
4812
4800
4648
4616
4596
4608
4644
4768
4776
4720
4808
4712
4416
4520
4776
4832
4592
4708
4856
4748
4792
4856
4824
4624
4756
4428
4852
4740
4776
4504
4900
4736
4892
4748
4592
4768
4780
4452
4784
4460
4832
4848
4412
4708
4856
4748
4804
4668
4632
4724
4836
4624
4400
4788
4452
4472
4640
4872
4684
4712
4444
4772
4740
4640
4592
4824
4660
4672
4788
4492
4760
4696
4828
4720
4504
4592
4812
4756
4832
4732
4844
4708
4476
4848
4748
4560
4568
4708
4660
4720
4424
4776
4652
4740
4864
4744
4420
4856
4480
4756
4648
4688
4800
4764
4760
4704
4476
4648
4516
4712
4696
4536
4768
4764
4768
4756
4744
4816
4700
4660
4732
4688
4756
4748
4788
4644
4704
4672
4704
4700
4744
4596
4656
4788
4844
4636
4600
4756
4820
4788
4852
4752
4712
4752
4716
4840
4760
4776
4680
4868
4756
4416
4760
4604
4476
4444
4664
4588
4756
4632
4824
4640
4640
4496
4804
4848
4748
4472
4736
4824
4744
4856
4776
4712
4844
4728
4756
4692
4736
4752
4760
4672
4584
4836
4652
4648
4548
4632
4752
4744
4872
4704
4784
4804
4432
4760
4764
4824
4704
4528
4688
4632
4436
4676
4464
4832
4736
4640
4656
4740
4680
4660
4656
4772
4780
4716
4812
4756
4812
4852
4788
4712
4792
4692
4656
4456
4844
4808
4448
4576
4700
4484
4836
4756
4752
4628
4456
4716
4816
4832
4768
4704
4744
4640
4764
4592
4716
4712
4844
4680
4672
4640
4776
4832
4760
4672
4764
4480
4756
4840
4820
4764
4732
4808
4900
4780
4772
4852
4856
4832
4840
4772
4588
4700
4772
4688
4876
4684
4680
4664
4768
4804
4664
4696
4872
4592
4656
4796
4768
4716
4740
4576
4788
4860
4804
4636
4744
4532
4652
4816
4764
4416
4780
4628
4768
4920
4976
4880
4856
4664
4524
4428
5020
4992
4900
4804
4852
4788
4964
5028
4784
4992
4952
4672
4972
4744
4816
4948
4876
5008
4908
4808
4780
4800
4860
5016
4936
4860
4764
4796
4784
4516
4816
4804
4540
4752
4804
4692
4844
4944
4656
4700
4980
4932
4656
4484
4848
4900
4932
4816
4936
4936
5056
4976
4964
4856
4840
4956
5148
4888
4764
4888
4712
4772
4980
4700
4992
4860
4880
4516
4776
4808
4900
5040
4800
4988
4852
4916
4880
4956
4892
4640
4676
4800
4856
4884
4596
5000
4756
4812
4900
4760
4668
4820
4556
4924
5004
4836
4968
4840
4964
4804
4932
4936
4884
4984
4868
4772
4652
4940
4916
4860
5060
5060
4860
4848
4804
4764
4676
4796
4836
4880
4584
4784
4684
4732
4784
4884
4936
5032
4916
4852
4812
4620
4640
5016
4920
4616
4912
4916
4824
4924
4664
4992
5044
5008
4968
4532
4824
4680
4916
4736
4780
4740
4844
4780
4920
4600
4892
4980
4976
5060
4808
4948
5004
4732
5072
4912
4896
4848
4932
4988
4924
4864
4780
4936
4952
4832
4864
4772
4648
4800
4936
5048
5036
4836
4936
5036
4840
4644
4828
5004
5012
4980
4736
4820
4948
4588
4868
4768
4768
4780
4724
4808
4668
4780
4840
4760
4768
4768
4832
4724
4716
4660
4776
4992
4636
4660
4640
4996
4776
4924
4656
4784
4912
4832
4680
4780
4636
4832
4696
4932
4992
5052
4916
4780
4812
5048
4956
4652
4832
4904
4976
4752
4984
4624
4912
4912
5032
4812
4924
4708
4804
4624
4756
4756
4720
4792
4880
4688
4984
4848
4704
4976
4768
4856
4996
4832
4680
4788
4764
4952
5164
5000
5084
5064
5224
5148
5100
4960
4620
4796
5040
4988
4940
4840
4884
4840
4824
4940
4784
4948
4768
4504
4760
4640
4816
4916
4852
4760
4884
4996
4940
4484
4452
4480
4812
4952
5032
4740
4824
4940
4908
4620
4928
4680
4948
4704
4936
4828
4812
4584
4792
4892
4900
4988
4648
4808
4920
4772
5004
4896
5048
4932
4764
4896
4852
4776
4764
5004
4952
4712
4740
4708
4772
4876
4996
4496
4768
4864
4904
4864
4864
4812
5012
4684
4836
4928
4928
4792
4992
4824
4860
5032
4888
5032
4452
4696
4656
4888
4984
4828
5032
4900
4936
4760
4984
5008
4788
4896
5028
4848
4960
4816
4932
4924
4852
5092
4852
4960
5028
4864
4936
4936
4968
4884
5036
4872
4688
4964
5056
4676
4924
4932
4880
5020
5080
5092
5096
4684
4640
4924
4800
5036
4892
4860
5024
4936
5068
5020
4996
4820
4856
4740
4952
4948
4816
4932
4852
4924
5044
4864
5000
5040
4916
4956
4976
4884
4604
4984
4952
4960
5000
4796
4712
5048
4924
4800
5000
5060
5020
5056
5044
5144
4788
4884
4980
5064
4960
4992
5012
4976
4796
5004
4920
4908
5036
4808
4684
4948
4984
4996
4872
4852
4992
4644
5100
5024
4944
4712
4820
4832
4928
5028
4976
5004
4864
4872
4848
5000
4924
4844
5008
4704
4724
4920
4656
5036
4912
4776
5040
4964
4848
4668
4840
4856
4968
4844
4984
4904
4872
4948
4980
4824
4792
4768
4876
5020
4988
4948
4640
4964
4688
4948
4760
4908
4592
4836
4844
4692
4964
4980
5040
4608
4844
4728
4956
4988
4892
4928
4976
4920
4684
4908
4880
4928
5016
5076
4904
5044
5012
4996
4960
4892
4940
4872
5048
5144
5112
5020
4988
4976
5044
4924
4928
5060
5012
5036
5028
5012
4972
4920
4616
4680
5140
5020
4928
5024
5040
5036
4948
4980
5044
4820
4832
4864
4916
5096
5028
4652
4832
4956
4644
4768
4908
4844
5000
4656
4888
4804
5056
5024
4700
4644
4676
5016
4652
4928
5068
5016
5000
4972
4924
4616
4928
4912
4912
4948
4988
5000
5028
4920
4704
4672
4836
5020
4676
4984
4820
4920
4844
4628
4680
4840
4956
4960
4892
4864
5000
4736
4800
4908
4988
4956
4992
4828
4968
5032
4840
4792
4960
4744
4856
4696
4984
4996
4912
4924
4896
4864
5008
5012
5028
4688
4816
4996
5024
4692
5076
4920
4868
4764
4872
4684
4936
4824
5056
5048
5032
4872
4900
5104
4972
4776
5020
4852
4784
4676
4640
4908
5108
4900
5112
5016
4920
4984
4864
4896
5040
4944
4888
5104
4792
4680
4684
4988
5028
4968
5044
4672
4976
4936
4684
4792
4748
4720
4960
4640
4828
5052
5012
4720
4948
4940
4804
4992
4976
5072
4720
5000
4828
4700
4888
5040
4768
5052
5068
4860
4992
4656
4856
4956
5000
4972
4896
4996
4960
4988
5000
4844
4856
4876
4996
4792
5028
5000
5000
4856
4708
4964
4836
4820
4796
4964
4688
4836
4960
4948
4836
4844
4812
5072
5016
5024
5060
5000
4948
4920
4740
4984
5040
4900
4928
5056
4864
4980
4844
4816
4888
4436
4836
4608
4648
4928
4940
5060
4996
4800
4780
4960
4752
4864
5004
4992
4760
4792
5004
4900
4800
4840
5076
4684
5020
4960
4860
4904
4932
4912
4976
5024
4984
4832
4828
5024
4840
4688
4936
4884
5012
4712
4952
4976
5008
5048
4988
4984
4912
4892
4980
4932
4612
4768
4904
5048
4840
4872
4676
4724
4728
4932
4968
4996
4956
4860
4924
4940
5000
4864
5032
4728
4900
4968
4908
4952
4660
4836
4948
5080
4708
4956
5012
4844
4888
4936
5100
4980
4828
5036
4984
4968
5016
4948
4872
4932
4892
5016
4816
4816
4588
5000
4948
4968
4940
5004
5100
5032
4936
4960
5012
5000
4984
5040
4800
5068
5036
4768
5020
5008
5088
4840
4980
4976
4624
4928
4840
4588
4944
4960
4868
5012
5120
4816
4824
4992
4972
4992
4976
4796
4824
4600
4880
4812
4916
4640
4660
4880
4904
4932
4948
4804
4968
4940
4784
5060
4808
4964
4884
4692
4976
4856
4872
4672
4876
5008
4868
4804
4880
4872
4860
4672
4876
4808
4984
4824
4772
4976
4908
4968
4976
4900
4804
5040
4748
4956
5064
4896
4832
4720
4956
4964
4956
5036
5032
4668
4596
4792
4712
4724
4960
4968
5028
4924
5032
4804
4912
4856
5000
4840
5032
5036
4800
4796
4920
4824
4988
4916
5068
5044
5024
5040
4816
4968
5020
5012
5064
5072
5088
4840
4996
