0.01
0.00
0.00
0.01
0.02
0.01
0.01
0.01
0.00
0.01
0.01
0.02
0.00
0.02
0.02
0.01
0.02
0.02
0.01
0.02
0.02
0.03
0.01
0.00
0.01
0.02
0.03
0.04
0.02
0.02
0.02
0.02
0.01
0.01
0.01
0.01
0.01
0.01
0.03
0.03
0.01
0.02
0.03
0.01
0.00
0.00
0.02
0.00
0.03
0.03
0.00
0.01
0.01
0.01
0.01
0.00
0.01
0.02
0.01
0.01
0.03
0.02
0.02
0.01
0.02
0.01
0.01
0.01
0.01
0.02
0.02
0.02
0.01
0.02
0.01
0.01
0.01
0.01
0.01
0.01
0.01
0.01
0.00
0.01
0.01
0.04
0.01
0.01
0.01
0.01
0.02
0.01
0.02
0.01
0.01
0.00
0.02
0.02
0.03
0.04
0.00
0.01
0.01
0.01
0.01
0.01
0.01
0.01
0.01
0.02
0.02
0.01
0.01
0.00
0.02
0.01
0.01
0.01
0.01
0.01
0.00
0.00
0.00
0.00
0.01
0.01
0.01
0.01
0.01
0.01
0.01
0.01
0.01
0.01
0.01
0.01
0.01
0.01
0.01
0.01
0.01
0.01
0.02
0.02
0.01
0.03
0.01
0.02
0.01
0.01
0.01
0.01
0.03
0.02
0.01
0.00
0.00
0.01
0.01
0.03
0.01
0.01
0.02
0.02
0.01
0.01
0.01
0.01
0.01
0.02
0.03
0.02
0.01
0.01
0.00
0.01
0.02
0.02
0.01
0.02
0.02
0.03
0.01
0.02
0.01
0.00
0.00
0.04
0.01
0.04
0.02
0.01
0.02
0.02
0.00
0.01
0.01
0.01
0.01
0.02
0.01
0.01
0.01
0.01
0.00
0.00
0.02
0.02
0.01
0.01
0.02
0.01
0.01
0.01
0.01
0.01
0.01
0.02
0.01
0.01
0.02
0.02
0.01
0.01
0.01
0.01
0.02
0.03
0.04
0.00
0.01
0.01
0.01
0.02
0.01
0.01
0.00
0.00
0.01
0.01
0.01
0.01
0.01
0.02
0.00
0.02
0.01
0.00
0.02
0.01
0.01
0.02
0.01
0.02
0.01
0.01
0.02
0.01
0.02
0.01
0.00
0.01
0.03
0.01
0.01
0.01
0.01
0.00
0.01
0.01
0.01
0.01
0.01
0.01
0.02
0.01
0.01
0.02
0.01
0.01
0.01
0.04
0.01
0.01
0.02
0.01
0.02
0.02
0.01
0.02
0.02
0.01
0.02
0.01
0.01
0.02
0.02
0.02
0.03
0.03
0.01
0.01
0.01
0.03
0.02
0.01
0.02
0.02
0.01
0.00
0.01
0.01
0.01
0.02
0.01
0.01
0.00
0.02
0.02
0.01
0.00
0.02
0.02
0.01
0.01
0.02
0.02
0.01
0.01
0.01
0.00
0.03
0.01
0.01
0.01
0.01
0.02
0.00
0.01
0.00
0.01
0.00
0.01
0.01
0.01
0.01
0.01
0.00
0.01
0.00
0.01
0.01
0.01
0.01
0.01
0.01
0.01
0.01
0.00
0.01
0.01
0.01
0.01
0.01
0.01
0.01
0.02
0.01
0.01
0.01
0.01
0.01
0.01
0.01
0.01
0.00
0.01
0.02
0.01
0.01
0.01
0.01
0.01
0.00
0.02
0.01
0.00
0.00
0.01
0.01
0.01
0.01
0.02
0.01
0.02
0.01
0.02
0.01
0.00
0.01
0.02
0.01
0.01
0.01
0.01
0.04
0.00
0.01
0.01
0.00
0.01
0.01
0.01
0.02
0.02
0.01
0.01
0.01
0.01
0.01
0.01
0.01
0.01
0.02
0.01
0.01
0.01
0.01
0.00
0.00
0.00
1.56
0.20
0.04
0.03
0.02
0.04
0.04
0.02
0.04
0.05
0.03
0.03
0.01
0.03
0.01
0.04
0.03
0.46
0.40
0.43
0.35
0.35
0.36
0.36
0.31
0.41
0.47
0.29
0.37
0.36
0.30
0.41
0.46
0.42
0.35
0.29
0.33
0.36
0.27
0.51
0.34
0.91
0.41
0.33
0.58
0.49
0.32
0.40
0.49
0.42
0.31
0.49
0.33
0.34
0.32
0.34
0.37
0.34
0.26
0.43
0.46
0.58
0.63
0.72
0.42
0.40
0.35
0.29
0.44
0.51
0.40
0.42
0.33
0.58
0.36
0.42
0.53
0.42
0.43
0.48
0.39
0.51
0.69
0.30
0.39
0.38
0.50
0.39
0.38
0.60
0.44
0.28
0.67
0.36
0.32
0.31
0.55
0.51
0.38
0.66
0.34
0.38
0.41
0.67
0.66
0.34
0.44
0.37
0.46
0.29
0.42
0.43
0.43
0.42
0.39
0.31
0.40
0.33
0.51
0.29
0.42
0.63
0.34
0.45
0.42
0.46
0.40
0.51
0.35
0.50
0.32
0.71
0.40
0.50
0.38
0.33
0.50
0.45
0.71
0.48
0.34
0.33
0.30
0.48
0.53
0.52
0.62
0.38
0.40
0.37
0.36
0.33
0.63
0.45
0.47
0.42
0.41
0.43
0.47
0.47
0.35
0.33
0.48
0.34
0.43
0.31
0.28
0.70
0.39
0.58
0.39
0.41
0.38
0.41
0.41
0.44
0.42
0.41
0.59
0.43
0.36
0.34
0.43
0.61
0.46
0.36
0.36
0.36
0.60
0.47
0.45
0.34
0.63
0.55
0.65
0.30
0.50
0.36
0.42
0.51
0.40
0.41
0.40
0.38
0.49
0.56
0.44
0.62
0.44
0.39
0.39
0.47
0.34
0.47
0.29
0.32
0.41
0.33
0.33
0.53
0.55
0.46
0.45
0.57
0.33
0.34
0.41
0.47
0.25
0.61
0.47
0.70
0.35
0.57
0.33
0.48
0.45
0.43
0.47
0.39
0.31
0.43
0.38
0.51
0.35
0.47
0.36
0.44
0.45
0.46
0.44
0.34
0.42
0.36
0.35
0.34
0.31
0.33
0.33
0.56
0.31
0.42
0.31
0.31
0.42
0.31
0.46
0.42
0.56
0.45
0.38
0.70
0.55
0.43
0.54
0.44
0.47
0.63
0.64
0.36
0.35
0.33
0.50
1.33
0.73
1.42
0.60
0.47
0.65
0.64
0.57
1.28
0.83
1.17
0.66
0.60
0.45
0.80
0.51
0.69
0.40
0.90
0.57
0.67
0.82
0.93
0.61
0.39
0.69
1.09
0.41
0.67
0.72
0.63
0.73
0.51
0.75
0.46
0.65
0.75
0.57
0.80
0.67
0.54
0.52
0.58
0.51
0.47
0.76
0.49
0.73
0.68
0.61
0.53
0.95
0.83
0.79
0.57
0.65
0.67
0.77
0.64
0.36
0.49
0.96
0.63
0.71
0.78
0.75
0.74
0.79
0.66
0.51
0.66
0.54
0.56
0.62
0.90
0.59
0.65
0.78
0.67
0.81
1.08
0.51
0.84
0.62
1.34
1.15
0.86
0.63
0.74
0.72
0.69
0.49
0.53
0.88
0.88
0.72
0.81
0.73
0.48
0.63
0.55
0.57
0.49
1.03
0.65
1.08
0.82
0.44
0.47
0.78
0.24
0.65
0.83
0.55
0.59
0.62
0.54
0.43
0.41
0.61
0.51
0.60
0.22
0.14
0.18
0.21
0.17
0.18
0.10
0.25
0.17
0.15
0.14
0.09
0.14
0.13
0.13
0.18
0.19
0.12
0.13
0.33
0.15
0.15
0.15
0.20
0.13
0.14
0.14
0.15
0.11
0.14
0.13
0.19
0.16
0.16
0.58
0.16
0.16
0.11
0.17
0.17
1.00
0.14
0.18
0.11
0.12
0.60
0.39
1.96
1.64
1.75
2.20
2.16
1.43
1.70
2.25
2.55
2.59
1.39
1.33
1.50
1.55
1.77
1.97
1.68
1.27
1.40
1.57
1.49
2.01
1.66
2.17
1.09
2.21
1.39
1.79
2.45
1.82
2.19
2.78
1.97
1.93
1.92
1.85
1.82
1.90
1.80
1.52
1.61
1.60
1.41
1.85
1.63
1.42
2.24
2.60
1.76
1.74
1.84
1.48
1.75
1.59
1.72
1.65
2.44
1.32
3.03
5.69
3.81
2.10
0.20
0.20
0.22
0.22
0.66
0.32
0.30
0.21
0.37
0.28
0.29
0.23
0.36
0.34
4.79
0.39
3.17
1.76
0.00
0.00
0.00
0.00
0.00
0.00
0.00
0.00
0.00
0.00
0.00
0.00
0.00
0.00
0.00
0.00
0.00
0.00
0.00
0.00
0.00
0.00
0.24
0.36
0.39
0.39
0.33
0.35
0.62
0.35
0.76
0.34
0.69
0.77
1.43
0.78
0.06
0.11
0.06
0.15
0.04
0.21
0.14
0.01
0.01
0.00
0.01
0.09
0.00
0.03
0.13
0.71
0.15
0.02
0.07
0.04
0.03
0.05
0.05
0.03
0.04
0.01
0.04
0.02
0.02
0.02
0.02
0.04
0.06
0.09
0.03
0.04
0.05
0.01
0.01
0.04
0.02
0.00
0.01
0.01
0.04
0.06
0.03
0.04
0.09
0.02
0.03
0.03
0.02
0.02
0.02
0.00
0.01
0.00
0.00
0.00
0.01
0.00
0.03
0.01
0.05
0.03
0.01
0.01
0.02
0.02
0.01
0.01
0.02
0.04
0.18
0.02
0.14
0.04
0.10
0.13
0.21
0.08
0.02
0.01
0.00
0.01
0.00
0.01
0.01
0.02
0.02
0.04
0.02
0.03
0.04
0.05
0.47
0.13
0.01
0.22
0.59
0.22
0.37
2.06
0.73
0.65
1.05
0.51
0.28
0.06
0.02
0.05
0.07
0.08
0.10
0.07
0.01
0.46
0.93
1.11
0.65
1.30
0.16
0.11
0.06
0.15
0.13
2.00
0.06
0.21
0.21
0.09
0.10
0.10
0.14
0.23
0.09
0.58
1.11
1.61
0.42
0.23
1.31
0.36
1.35
0.31
0.22
1.06
0.16
0.07
0.28
0.81
0.62
0.74
1.55
0.64
0.49
0.12
0.13
0.14
0.27
0.13
0.14
0.18
0.15
0.50
0.14
0.13
0.11
0.11
0.21
0.77
0.50
0.14
1.21
0.14
0.15
0.11
0.16
0.56
0.34
0.61
0.57
0.66
0.10
0.48
0.52
0.19
0.65
0.13
0.19
0.68
0.15
0.55
0.12
0.19
1.01
0.69
0.15
0.68
0.95
0.72
0.16
0.03
0.03
0.05
0.05
0.41
0.52
0.36
0.47
0.29
0.26
0.38
0.33
1.23
0.69
0.63
0.39
0.55
0.31
0.85
0.23
0.48
0.99
0.31
0.36
0.64
0.36
0.31
0.37
0.54
0.67
0.60
0.70
0.67
0.49
0.56
0.37
0.84
0.50
0.96
0.49
0.67
0.49
0.33
0.67
0.75
0.57
0.51
1.18
0.24
0.89
1.23
0.65
0.23
0.63
0.37
0.34
0.30
0.69
0.33
0.35
0.26
0.70
0.26
1.14
0.30
0.54
0.63
0.41
0.25
0.64
0.29
0.43
0.43
0.33
1.17
0.48
0.74
0.23
0.64
0.33
0.24
0.31
0.37
0.26
0.28
0.37
0.50
0.27
0.43
0.35
0.19
0.26
0.24
0.27
0.20
0.37
0.23
0.34
0.57
0.60
0.34
0.42
0.31
0.61
0.43
0.50
0.67
0.63
0.25
0.31
0.30
0.26
0.72
1.04
0.69
0.90
0.54
0.52
0.71
0.25
0.61
0.56
0.85
0.29
0.55
0.46
0.47
0.41
0.65
1.08
0.40
0.36
0.27
0.28
0.46
0.37
2.15
0.00
0.00
0.00
0.00
0.00
0.00
0.00
0.00
0.00
0.00
0.00
0.00
0.00
0.00
0.00
0.00
0.00
0.00
0.00
0.00
0.00
0.00
0.00
0.00
0.00
0.00
0.00
0.00
0.00
0.00
0.00
0.00
0.00
0.00
0.00
0.00
0.00
0.00
0.00
0.00
0.00
0.00
0.00
0.00
0.00
0.00
0.00
0.00
0.00
0.00
0.00
0.00
0.00
0.00
0.00
0.00
0.00
0.00
0.00
0.00
0.00
0.00
0.00
0.00
0.00
0.00
0.00
0.00
0.00
0.00
0.00
0.00
0.00
0.00
0.00
0.00
0.00
0.00
0.00
0.00
0.00
0.00
0.00
0.00
0.00
0.00
0.00
0.00
0.00
0.00
0.00
0.00
0.00
0.00
0.00
0.00
0.00
0.00
0.00
0.00
0.00
0.00
0.00
0.00
0.00
0.00
0.00
0.00
0.00
0.00
0.00
0.00
0.00
0.00
0.00
0.00
0.00
0.00
0.00
0.00
0.00
0.00
0.00
0.00
0.00
0.00
0.00
0.00
0.00
2.06
0.00
0.00
0.00
0.00
0.00
0.00
0.00
0.00
0.00
0.00
0.00
0.00
0.00
0.00
0.00
0.00
0.00
0.00
0.00
0.00
0.00
0.00
0.00
0.00
0.00
0.00
0.00
0.00
0.00
0.00
0.00
0.00
0.00
0.00
0.00
0.00
0.00
0.00
0.00
0.00
0.00
0.00
0.00
0.00
0.00
0.00
0.00
0.00
0.00
0.00
0.00
0.00
0.00
0.00
0.00
0.00
0.00
0.00
0.00
0.00
0.00
0.00
0.00
0.00
0.00
0.00
0.00
0.00
0.00
0.00
0.00
0.00
0.00
0.00
0.00
0.00
0.00
0.00
1.66
0.00
0.00
0.00
0.00
0.00
0.00
0.00
0.00
0.00
0.00
0.00
0.00
0.00
0.00
0.00
0.00
0.00
0.00
0.00
0.00
0.00
0.00
0.00
0.00
0.00
0.00
0.00
0.00
0.00
0.00
0.00
0.00
0.00
0.00
0.00
0.00
0.00
0.00
0.00
0.00
0.00
0.00
0.00
0.00
0.00
0.00
0.00
0.00
0.00
0.00
0.00
0.00
0.00
0.00
0.00
0.00
0.16
0.00
0.00
0.00
0.00
0.00
0.00
0.32
0.00
2.10
0.43
0.00
0.00
0.00
0.00
0.00
0.00
0.00
0.00
0.00
0.00
0.00
0.00
1.85
0.00
0.00
1.42
0.61
0.00
0.00
0.00
0.00
0.00
0.00
0.41
0.00
0.00
0.00
0.00
0.00
0.00
0.00
0.00
0.00
0.00
0.00
0.00
0.00
0.00
0.00
0.00
0.60
0.47
0.00
0.00
0.00
0.00
0.00
0.00
0.00
0.00
0.00
0.00
0.00
0.00
0.00
0.00
0.00
0.00
0.00
0.00
0.00
0.00
0.00
0.00
0.01
0.00
0.01
0.00
0.00
0.00
0.00
0.00
0.00
0.00
0.00
0.00
0.00
1.51
0.00
0.00
0.00
0.00
0.00
0.00
0.00
0.00
0.00
0.00
0.00
0.00
0.00
0.00
0.00
0.00
0.00
0.00
0.00
0.00
0.00
0.00
0.00
0.00
0.00
0.00
0.00
0.00
0.00
0.00
0.00
0.00
0.00
0.00
0.00
0.00
0.00
0.00
0.00
0.00
0.39
0.00
0.00
0.00
0.00
0.00
0.00
0.00
0.00
0.00
0.00
0.00
0.00
0.00
0.00
0.00
0.00
0.00
0.00
0.00
0.00
1.59
0.00
0.00
0.00
0.00
0.00
0.00
0.00
0.00
0.00
0.00
0.00
0.00
0.00
0.00
0.00
0.00
0.00
0.00
0.00
0.00
0.00
0.00
0.00
0.00
0.00
0.00
0.00
0.00
0.00
0.00
0.00
0.00
0.00
0.00
0.00
0.00
0.00
0.00
0.00
0.00
0.00
0.00
0.00
0.00
0.00
0.00
0.00
0.00
0.00
0.00
0.00
0.00
0.00
0.00
0.00
0.00
0.00
0.00
0.00
0.00
0.00
0.00
0.00
0.00
0.00
0.00
0.00
0.00
0.00
0.00
0.00
0.00
0.00
0.00
0.00
0.00
0.00
0.00
0.00
0.00
0.00
0.00
0.00
0.00
0.00
0.00
0.00
0.00
0.00
0.00
0.00
0.00
0.00
0.00
0.00
0.00
0.00
0.00
0.00
0.05
0.02
0.03
0.05
0.04
0.03
0.00
0.00
0.00
0.00
0.00
0.00
0.00
0.00
0.00
0.00
0.00
0.00
0.00
0.00
0.00
0.00
0.00
0.00
0.00
0.00
0.01
0.00
0.00
0.01
0.01
0.02
0.02
0.01
0.01
0.00
0.00
0.00
0.00
0.00
0.00
0.00
0.01
0.00
0.00
0.00
0.00
0.00
0.00
0.00
0.00
0.00
0.00
0.00
0.00
0.00
0.00
0.00
0.00
0.00
0.00
0.00
0.00
0.00
0.00
0.00
0.00
0.00
0.00
0.00
0.00
0.00
0.00
0.00
0.00
0.00
0.00
0.00
0.00
0.00
0.00
0.00
0.00
0.00
0.00
0.00
0.00
0.00
0.00
0.00
0.00
0.00
0.00
0.00
0.00
0.00
0.00
0.00
0.00
0.00
0.00
0.00
0.00
0.00
0.00
0.00
0.00
0.00
0.00
0.00
0.00
0.00
0.00
0.00
0.00
0.00
0.00
0.00
0.00
0.00
0.00
0.00
0.00
0.00
0.00
0.00
0.00
0.00
0.00
0.00
0.00
0.00
0.00
0.00
0.00
0.00
0.00
0.00
0.00
0.00
0.00
0.00
0.00
0.00
0.00
0.00
0.00
0.00
0.00
0.00
0.00
0.00
0.00
0.00
0.00
0.00
0.00
0.00
0.00
0.00
0.00
0.00
0.00
0.00
0.00
0.00
0.00
0.00
0.00
0.00
0.00
0.00
0.00
0.00
0.00
0.00
0.00
0.00
0.00
0.00
0.00
0.00
0.00
0.00
0.00
0.00
0.00
0.00
0.00
0.00
0.00
0.00
0.00
0.00
0.00
0.00
0.00
0.00
0.00
0.00
0.00
0.00
0.00
0.00
0.00
0.00
0.02
0.03
0.06
0.04
0.00
0.00
0.00
0.00
0.00
0.00
0.00
0.00
0.00
0.00
0.00
0.00
0.03
0.03
0.06
0.05
0.04
0.05
0.07
0.05
0.04
0.05
0.06
0.07
0.00
0.00
0.00
0.00
0.00
0.00
0.00
0.00
0.00
0.00
0.00
0.00
0.00
0.00
0.00
0.00
0.00
0.00
0.00
0.00
0.00
0.00
0.00
0.00
0.00
0.00
0.00
0.00
0.00
0.00
0.00
0.00
0.00
0.00
0.00
0.00
0.00
0.00
0.00
0.00
0.00
0.00
0.00
0.00
0.00
0.00
0.00
0.00
0.00
0.00
0.00
0.00
0.00
0.00
0.00
0.00
0.00
0.00
0.00
0.00
0.00
0.00
0.00
0.00
0.00
0.00
0.00
0.00
0.00
0.00
0.00
0.00
0.00
0.00
0.00
0.00
0.00
0.00
0.00
0.00
0.00
0.00
0.00
0.00
0.00
0.00
0.00
0.00
0.00
0.00
0.00
0.00
0.00
0.00
0.00
0.00
0.00
0.00
0.00
0.00
0.00
0.00
0.00
0.00
0.00
0.00
0.00
0.00
0.00
0.00
0.00
0.00
0.00
0.00
0.00
0.00
0.00
0.00
0.00
0.00
0.00
0.00
0.00
0.00
0.00
0.00
0.00
0.00
0.00
0.00
0.00
0.00
0.00
0.00
0.00
0.00
0.00
0.00
0.00
0.00
0.00
0.00
0.00
0.00
0.00
0.00
0.00
0.00
0.00
0.00
0.00
0.00
0.00
0.00
0.00
0.00
0.00
0.00
0.00
0.00
0.00
0.00
0.00
0.00
0.00
0.00
0.00
0.00
0.00
0.00
0.00
0.00
0.00
0.00
0.00
0.00
0.00
0.00
0.00
0.00
0.00
0.00
0.00
0.00
0.00
0.00
0.00
0.00
0.00
0.00
0.00
0.00
0.00
0.00
0.00
0.00
0.00
0.00
0.00
0.00
0.00
0.00
0.00
0.00
0.00
0.00
0.00
0.00
0.00
0.00
0.00
0.00
0.00
0.00
0.00
0.00
0.00
0.00
0.00
0.00
0.00
0.00
0.00
0.00
0.00
0.00
0.00
0.00
0.00
0.00
0.00
0.00
0.00
0.00
0.00
0.00
0.00
0.00
0.00
0.00
0.00
0.00
0.00
0.00
0.00
0.00
0.00
0.00
0.00
0.00
0.00
0.00
0.00
0.00
0.00
0.00
0.00
0.00
0.00
0.00
0.00
0.00
0.00
0.00
0.00
0.00
0.00
0.00
0.00
0.00
0.00
0.00
0.00
0.00
0.00
0.00
0.00
0.00
0.00
0.00
0.00
0.00
0.00
0.00
0.00
0.00
0.00
0.00
0.00
0.00
0.00
0.00
0.00
0.00
0.00
0.00
0.00
0.00
0.00
0.00
0.00
0.00
0.00
0.00
0.00
0.00
0.00
0.00
0.00
0.00
0.00
0.00
0.00
0.00
0.00
0.00
0.00
0.00
0.00
0.00
0.00
0.00
0.00
0.00
0.00
0.00
0.00
0.00
0.00
0.00
0.00
0.00
0.00
0.00
0.00
0.00
0.00
0.00
0.00
0.00
0.00
0.00
0.00
0.00
0.00
0.00
0.00
0.00
0.00
0.00
0.00
0.00
0.00
0.00
0.00
0.00
0.00
0.00
0.00
0.00
0.00
0.00
0.00
0.00
0.00
0.00
0.00
0.00
0.00
0.00
0.00
0.00
0.00
0.00
0.00
0.00
0.00
0.00
0.00
0.00
0.00
0.00
0.00
0.00
0.00
0.00
0.00
0.00
0.00
0.00
0.00
0.00
0.00
0.00
0.00
0.00
0.00
0.00
0.00
0.00
0.00
0.00
0.00
0.00
0.00
0.00
0.00
0.00
0.00
0.00
0.00
0.00
0.00
0.00
0.00
0.00
0.00
0.00
0.00
0.00
0.00
0.00
0.00
0.00
0.00
0.00
0.00
0.00
0.00
0.00
0.00
0.00
0.00
0.00
0.00
0.00
0.00
0.00
0.00
0.00
0.00
0.00
0.00
0.00
0.00
0.00
0.00
0.00
0.00
0.00
0.00
0.00
0.00
0.00
0.00
0.00
0.00
0.00
0.00
0.00
0.00
0.00
0.00
0.00
0.00
0.00
0.00
0.00
0.00
0.00
0.00
0.00
0.00
0.00
0.00
0.00
0.00
0.00
0.00
0.00
0.00
0.00
0.00
0.00
0.00
0.00
0.00
0.00
0.00
0.00
0.00
0.00
0.00
0.00
0.00
0.00
0.00
0.00
0.00
0.00
0.00
0.00
0.00
0.00
0.00
0.00
0.00
0.00
0.00
0.00
0.00
0.00
0.00
0.00
0.00
0.00
0.00
0.00
0.00
0.00
0.00
0.00
0.00
0.00
0.00
0.00
0.00
0.00
0.00
0.00
0.00
0.00
0.00
0.00
0.00
0.00
0.00
0.00
0.00
0.00
0.00
0.00
0.00
0.00
0.00
0.00
0.00
0.00
0.00
0.00
0.00
0.00
0.00
0.00
0.00
0.00
0.00
0.00
0.00
0.00
0.00
0.00
0.00
0.00
0.00
0.00
0.00
0.00
0.00
0.00
0.00
0.00
0.00
0.00
0.00
0.00
0.00
0.00
0.00
0.00
0.00
0.00
0.00
0.00
0.00
0.00
0.00
0.00
0.00
0.00
0.00
0.01
0.01
0.00
0.00
0.01
0.00
0.00
0.01
0.00
0.01
0.01
0.01
0.01
0.01
0.01
0.01
0.00
0.01
0.00
0.01
0.01
0.00
0.00
0.01
0.02
0.01
0.00
0.01
0.00
0.01
0.01
0.01
0.00
0.01
0.00
0.00
0.00
0.00
0.00
0.00
0.00
0.00
0.00
0.00
0.01
0.01
0.00
0.01
0.01
0.00
0.00
0.00
0.00
0.01
0.01
0.01
0.01
0.01
0.01
0.01
0.00
0.01
0.02
0.04
0.02
0.00
0.01
0.00
0.00
0.00
0.00
0.01
0.01
0.00
0.00
0.00
0.00
0.01
0.01
0.00
0.00
0.00
0.01
0.01
0.02
0.00
0.00
0.00
0.00
0.00
0.00
0.00
0.02
0.00
0.01
0.01
0.01
0.00
0.00
0.00
0.00
0.01
0.01
0.01
0.00
0.02
0.01
0.01
0.01
0.01
0.01
0.00
0.01
0.00
0.01
0.00
0.00
0.02
0.02
0.00
0.00
0.01
0.01
0.00
0.01
0.00
0.00
0.01
0.00
0.00
0.00
0.00
0.00
0.01
0.01
0.01
0.00
0.00
0.00
0.01
0.01
0.01
0.01
0.03
0.01
0.01
0.01
0.01
0.01
0.06
0.02
0.02
0.00
0.00
0.00
0.00
0.00
0.01
0.00
0.02
0.00
0.01
0.00
0.01
0.01
0.01
0.01
0.01
0.01
0.02
0.00
0.02
0.02
0.01
0.01
0.01
0.01
0.02
0.01
0.00
0.01
0.00
0.01
0.00
0.00
0.00
0.00
0.01
0.01
0.01
0.00
0.01
0.01
0.01
0.01
0.01
0.01
0.01
0.01
0.00
0.01
0.01
0.00
0.00
0.00
0.00
0.00
0.00
0.00
0.00
0.00
0.00
0.00
0.00
0.00
0.00
0.00
0.00
0.01
0.00
0.01
0.00
0.00
0.00
0.01
0.00
0.01
0.01
0.01
0.01
0.01
0.01
0.00
0.00
0.00
0.00
0.01
0.01
0.01
0.01
0.00
0.00
0.01
0.01
0.01
0.01
0.00
0.01
0.01
0.01
0.01
0.00
0.00
0.01
0.02
0.01
0.00
0.01
0.00
0.00
0.00
0.00
0.00
0.00
0.00
0.01
0.02
0.02
0.01
0.00
0.01
0.01
0.01
0.00
0.00
0.00
0.06
0.06
0.05
0.03
0.04
0.09
0.04
0.04
0.06
0.00
0.00
0.01
0.01
0.00
0.01
0.00
0.00
0.00
0.00
0.01
0.00
0.00
0.00
0.00
0.00
0.00
0.01
0.00
0.00
0.01
0.02
0.01
0.00
0.00
0.00
0.00
0.01
0.01
0.01
0.01
0.01
0.00
0.01
0.01
0.01
0.01
0.00
0.01
0.01
0.00
0.00
0.01
0.01
0.01
0.00
0.00
0.01
0.01
0.00
0.01
0.00
0.01
0.01
0.00
0.00
0.00
0.00
0.00
0.01
0.01
0.00
0.00
0.00
0.00
0.00
0.02
0.00
0.00
0.01
0.01
0.00
0.01
0.01
0.02
0.01
0.01
0.00
0.00
0.00
0.04
0.00
0.02
0.01
0.01
0.01
0.00
0.02
0.01
0.01
0.02
0.02
0.01
0.01
0.01
0.01
0.01
0.01
0.01
0.01
0.02
0.01
0.01
0.01
0.01
0.01
0.01
0.02
0.01
0.02
0.02
0.01
0.00
0.00
0.01
0.02
0.02
0.02
0.01
0.01
0.02
0.01
0.01
0.01
0.01
0.01
0.03
0.04
0.03
0.02
0.01
0.01
0.01
0.04
0.02
0.02
0.03
0.01
0.03
0.02
0.01
0.01
0.02
0.00
0.01
0.01
0.01
0.01
0.01
0.02
0.01
0.02
0.02
0.01
0.02
0.01
0.01
0.01
0.01
0.01
0.02
0.01
0.01
0.01
0.02
0.02
0.01
0.01
0.03
0.02
0.02
0.04
0.04
0.03
0.04
0.02
0.02
0.02
0.03
0.03
0.01
0.01
0.01
0.01
0.01
0.02
0.02
0.01
0.01
0.01
0.01
0.02
0.02
0.01
0.01
0.01
0.03
0.03
0.01
0.02
0.02
0.02
0.03
0.04
0.02
0.02
0.01
0.00
0.01
0.00
0.01
0.00
0.04
0.00
0.00
0.01
0.01
0.01
0.01
0.01
0.01
0.02
0.01
0.01
0.01
0.01
0.01
0.02
0.02
0.01
0.01
0.00
0.01
0.01
0.00
0.01
0.00
0.01
0.02
0.02
0.01
0.01
0.01
0.01
0.00
0.00
0.00
0.01
0.01
0.01
0.01
0.01
0.01
0.01
0.01
0.00
0.00
0.02
0.00
0.00
0.01
0.01
0.01
0.01
0.00
0.01
0.01
0.02
0.00
0.01
0.01
0.01
0.02
0.01
0.01
0.01
0.01
0.04
0.02
0.02
0.02
0.01
0.02
0.02
0.01
0.01
0.02
0.01
0.01
0.01
0.02
0.00
0.01
0.01
0.02
0.02
0.02
0.03
0.02
0.02
0.01
0.03
0.01
0.01
0.01
0.01
0.01
0.02
0.02
0.02
0.02
0.02
0.01
0.00
0.01
0.02
0.03
0.00
0.01
0.01
0.01
0.01
0.00
0.01
0.01
0.02
0.01
0.01
0.03
0.01
0.01
0.02
0.01
0.01
0.02
0.01
0.01
0.01
0.01
0.01
0.01
0.00
0.02
0.01
0.01
0.03
0.01
0.01
0.02
0.02
0.01
0.00
0.01
0.01
0.00
0.01
0.01
0.01
0.01
0.02
0.01
0.01
0.00
0.01
0.01
0.01
0.02
0.01
0.02
0.00
0.00
0.02
0.01
0.02
0.01
0.01
0.01
0.04
0.01
0.00
0.02
0.01
0.01
0.01
0.01
0.02
0.01
0.02
0.04
0.01
0.01
0.02
0.02
0.02
0.01
0.01
0.02
0.02
0.04
0.00
0.03
0.02
0.01
0.01
0.01
0.01
0.01
0.02
0.01
0.02
0.03
0.02
0.03
0.02
0.01
0.01
0.03
0.02
0.01
0.01
0.03
0.02
0.01
0.01
0.02
0.02
0.01
0.01
0.02
0.01
0.02
0.02
0.02
0.01
0.01
0.02
0.01
0.01
0.01
0.01
0.01
0.02
0.01
0.01
0.02
0.02
0.01
0.04
0.04
0.01
0.01
0.02
0.01
0.02
0.01
0.03
0.02
0.00
0.01
0.01
0.01
0.01
0.02
0.01
0.04
0.02
0.01
0.03
0.02
0.01
0.00
0.00
0.01
0.00
0.01
0.01
0.01
0.01
0.01
0.00
0.01
0.00
0.01
0.01
0.01
0.02
0.01
0.02
0.01
0.01
0.01
0.02
0.01
0.02
0.02
0.01
0.01
0.02
0.03
0.01
0.02
0.01
0.01
0.01
0.02
0.02
0.01
0.01
0.00
0.00
0.00
0.00
0.01
0.01
0.00
0.02
0.01
0.01
0.01
0.01
0.00
0.01
0.01
0.01
0.01
0.00
0.01
0.01
0.00
0.01
0.02
0.01
0.01
0.02
0.02
0.02
0.01
0.02
0.02
0.02
0.02
0.00
0.01
0.01
0.01
0.02
0.02
0.01
0.01
0.02
0.01
0.01
0.02
0.01
0.02
0.01
0.00
0.01
0.01
0.01
0.01
0.01
0.02
0.02
0.02
0.01
0.01
0.01
0.02
0.01
0.02
0.01
0.01
0.01
0.02
0.01
0.01
0.01
0.02
0.02
0.01
0.02
0.02
0.01
0.01
0.02
0.01
0.03
0.04
0.01
0.02
0.01
0.01
0.01
0.03
0.01
0.01
0.02
0.02
0.00
0.01
0.02
0.01
0.02
0.02
0.02
0.00
0.01
0.00
0.02
0.00
0.02
0.00
0.01
0.02
0.03
0.01
0.01
0.01
0.01
0.01
0.02
0.01
0.01
0.02
0.01
0.01
0.01
0.02
0.02
0.01
0.01
0.00
0.00
0.01
0.01
0.00
0.02
0.01
0.01
0.04
0.01
0.01
0.01
0.01
0.03
0.01
0.01
0.01
0.01
0.01
0.01
0.01
0.01
0.00
0.01
0.01
0.00
0.03
0.01
0.01
0.00
0.01
0.01
0.01
0.01
0.00
0.02
0.00
0.00
0.01
0.01
0.01
0.01
0.01
0.01
0.01
0.01
0.02
0.01
0.01
0.02
0.02
0.02
0.01
0.01
0.01
0.00
0.01
0.01
0.00
0.03
0.01
0.01
0.01
0.01
0.00
0.03
0.01
0.01
0.01
0.02
0.01
0.00
0.01
0.00
0.00
0.00
0.00
0.02
0.02
0.01
0.02
0.01
0.00
0.02
0.02
0.01
0.01
0.02
0.01
0.01
0.00
0.00
0.01
0.03
0.02
0.03
0.02
0.01
0.01
0.02
0.01
0.01
0.02
0.02
0.02
0.02
0.01
