5016
4836
5088
5032
5016
5012
5088
4940
5048
5072
4664
4988
5016
5140
5080
5120
4924
4988
4984
5020
5048
5112
5036
4828
5096
5068
5120
5128
5080
4852
5172
4844
5052
4720
5120
5036
5112
5116
5096
4868
4904
5252
5080
5092
4908
5036
5072
4924
5140
5084
4876
5072
5036
5060
5116
5004
5156
4992
4772
4932
4932
4904
5096
4888
5060
5100
5136
5040
5144
5100
4852
5152
4912
5248
4800
4892
4832
4776
4816
4764
5056
5020
4768
5092
5008
5216
5060
4988
4948
4860
4800
5088
4720
5012
5136
5060
5084
5056
5220
5252
5052
5192
4944
5064
5144
4892
4972
5084
5040
5192
5044
4960
4992
5020
5084
5088
4944
5000
4956
4680
4976
4772
5048
5008
5068
5004
5016
5076
4952
4856
5060
4928
4992
5056
5028
4688
5148
5076
5100
5156
5140
5144
4988
5156
5080
4948
5132
4700
5092
4864
4976
5160
5200
5128
5052
4676
4924
5084
5004
5076
4900
4876
4916
4808
4892
4868
5080
4908
4916
5100
5116
4932
5084
5048
4908
5004
5092
5048
4904
5032
5108
4884
5148
5040
4940
4844
4820
5180
4956
5188
4780
4996
5064
4768
4952
5072
5008
4820
5036
4812
5084
5072
4872
5104
5092
4960
5236
5204
4860
4908
4964
5036
4684
4988
4976
4888
5024
5336
5072
4956
5096
5068
5116
4880
5108
5000
5104
5140
5104
4884
5024
5080
5028
5044
4904
5116
4996
4892
5096
5008
4912
4752
5120
5076
4944
5228
5124
5012
4832
5120
4952
4960
5000
5172
5016
4968
5080
5032
5112
5064
4980
4880
5016
4760
5128
5064
4944
5092
5080
5060
5056
4788
5144
4880
4960
4956
5132
4992
5124
5108
4940
4996
5024
5060
5024
5072
4928
5104
5264
5100
5104
4756
5000
5088
5068
5136
5168
5096
5024
5184
5052
4836
4948
5064
4860
4824
4988
4932
5092
4936
4956
4980
4796
5124
4984
4948
5076
4976
5104
5152
5048
5128
4960
5044
4732
5084
4804
4912
4996
5028
4896
5112
5068
5016
5176
5056
5144
4932
4904
4804
5136
4732
5020
5120
4976
5048
4764
4960
4940
5052
4940
5068
5116
5008
4780
5116
4948
5000
4720
4936
4988
4880
4760
4996
5096
5020
5064
5072
4752
4760
5140
5012
4908
4916
4960
5092
4752
5128
5096
4736
4972
4848
4944
5016
5032
4952
4700
5112
5092
5036
5040
5084
5020
4792
5020
4924
4988
5084
4752
5088
4864
5108
4952
4952
5028
5160
4968
5032
5004
5088
5068
5112
4996
4792
4964
4900
5076
5096
4992
4832
4680
4980
5052
5116
5060
5108
5124
5096
4820
4888
5016
7824
5616
5184
5068
5284
5096
5056
5180
5236
5008
5220
5172
5020
5088
5168
5064
5016
6704
6728
6564
6588
6448
6432
6400
6344
6680
6584
6564
6564
6684
6480
6760
6576
6616
6540
6528
6660
6572
6344
6572
6636
6772
6440
6196
6408
6820
6504
6816
6828
6572
6404
6292
6392
6452
6352
6612
6396
6408
6456
6456
6740
6300
6560
6372
6592
6284
6236
6484
6468
6704
6668
6656
6384
6604
6440
6408
6488
6744
6296
6460
6580
6580
6676
6572
6692
6556
6584
6640
6776
6408
6628
6428
6632
6584
6404
6432
6712
6388
6528
6716
6796
6452
6676
6668
6700
6452
6564
6452
6312
6444
6540
6540
6364
6660
6612
6480
6512
6536
6640
6492
6476
6648
6576
6304
6508
6608
6400
6336
6532
6568
6588
6564
6536
6584
6344
6512
6444
6468
6164
6596
6304
6724
6312
6528
6260
6664
6896
6572
6748
6412
6304
6836
6496
6896
6884
6796
6740
6840
6684
6544
6480
6460
6568
6664
6556
6580
6072
6356
6616
6572
6692
6624
6584
6628
6640
6572
6588
6420
6408
6728
6412
6564
6556
6320
6816
6716
6696
6740
6532
6712
6712
6656
6640
6696
6776
6728
6580
6292
6752
6644
6768
6828
6740
6836
6700
6512
6780
6760
6624
6656
6588
6432
6612
6892
6556
6108
6716
6684
6016
6656
6888
6524
6780
6760
6616
6776
6892
6808
6760
6796
6856
6656
6464
6736
6648
6408
6648
6932
6832
6692
7024
6920
6920
6280
6300
6524
6552
6704
6508
6536
6344
6596
6564
6672
6516
6684
6488
6476
6068
6436
6468
6588
6524
6248
6516
6192
6196
6252
6532
6600
6520
6568
5948
6524
6308
6548
6392
5848
6468
6512
6276
6264
6492
8156
6920
7004
6988
6848
6916
6932
6928
6860
6960
6952
6912
6768
6668
6976
6644
7184
6852
6880
7224
6892
6916
6832
6596
6696
6952
6660
6780
7000
6820
6904
7132
6968
6900
6828
6840
7172
6904
7244
7064
6872
6752
6836
6740
7000
6968
6984
7032
6724
6988
6660
6916
7128
7080
6968
6968
6988
8160
6716
6764
6784
7460
6720
7036
7060
7340
7352
6908
6784
6848
7160
6984
6848
6832
6800
6936
6980
6748
7080
7296
7216
6860
6784
6960
7164
7172
7440
6968
6580
6820
7028
7408
6720
7128
6992
6632
6868
6808
6928
6880
6856
6692
6896
8248
6736
8188
7028
6640
6936
6760
6152
7260
7008
6956
6928
6684
6920
6968
5964
7116
7248
7128
5412
5508
5568
5596
5356
5624
5272
5928
5656
5700
5464
5536
5556
5424
5648
5632
5532
5540
5316
5656
5580
5596
5616
5572
5636
5624
5552
5588
5496
5636
5540
5348
5428
5536
6928
5624
5264
5624
5524
5444
6848
5616
5436
5428
5304
7356
6456
10340
10332
10252
11556
10212
10624
10016
9800
10364
9796
10308
10240
10528
10444
10148
9748
9968
9728
9732
10284
9568
9732
9812
10544
10428
10376
9932
9940
9816
10072
10480
10048
9960
10320
9996
10000
11328
11368
9716
10136
10132
10488
9760
9720
9380
9136
11608
9916
10236
11524
10556
11460
9572
9320
8348
10348
12584
12848
12944
12144
13468
12184
5732
5776
5576
5676
6720
5960
6052
5716
5688
6104
5692
5980
6240
5856
12228
6152
12156
9928
4784
4864
4560
4860
4744
4892
4592
4704
4852
4700
4832
4856
4580
4704
4896
4828
4732
4524
4780
4940
4836
4896
5504
6984
6544
6408
6468
6452
6536
7000
6748
6472
6596
7104
8932
7112
5428
5056
5372
5672
5164
5460
5540
5020
5152
4964
5060
5356
5024
5228
5508
6472
5628
4940
4928
5268
5260
5120
5204
4992
5064
4976
5096
5096
4992
5016
5080
5212
5240
5268
5232
5040
5352
5112
5008
5088
4740
4988
5012
5016
5208
5360
4924
5172
5276
5200
5032
4944
5132
5264
5084
5016
4944
5000
4840
5052
4948
4908
5172
5156
4988
5164
5072
5112
5028
5156
5056
5124
5164
5072
5800
5132
5900
5052
5508
5776
5928
5184
5144
4864
4944
4996
4924
5052
4988
5108
5156
5196
5048
5216
5108
5000
5976
5592
5004
5432
6760
5660
6200
7928
6632
5908
6984
5776
5752
5284
5064
5368
5316
5212
5196
5192
5036
6116
6628
7980
7288
7928
5412
5364
5200
5592
5552
8300
5380
5748
5656
5336
5528
5492
5416
5424
5260
6724
7188
8064
6480
5684
8316
6248
8048
5624
5392
7988
5664
5040
5676
6944
7128
6848
8944
7188
6272
5496
5468
5584
5380
5652
5660
5380
5616
6036
5748
5708
5568
5548
5988
6040
6004
5556
7680
5496
5624
5476
5628
7344
5808
6756
6596
7500
5592
6668
5980
5588
6344
5156
5812
6344
5428
6352
5616
5692
7676
6324
5544
7556
6336
6436
5784
5140
5304
5272
4932
6436
6324
6236
6600
6568
5920
6488
6672
6988
6984
6976
6416
6776
6144
6888
6056
7036
6912
5964
5592
6876
6540
5984
6320
6936
7016
6832
6832
6868
6964
6976
6180
7036
6980
6924
6888
6880
7248
6012
7040
6712
7020
6840
6712
5960
6988
6952
6500
6112
6852
5964
6232
6140
6828
6208
5616
5944
6984
6144
6700
6216
6604
7028
6364
6324
7096
6260
6372
6328
6240
6936
6716
6800
5940
6932
5984
5852
5676
5844
5760
5908
5576
6988
5812
5944
6156
5716
5908
5812
5788
5740
6052
5672
6324
7004
6984
6260
6416
6304
6920
6132
6832
6804
7020
6376
6420
6088
5812
6764
7000
7304
7184
6756
6840
6908
6084
7080
6980
6828
5816
6848
6324
6816
6604
6992
6944
6332
5828
6156
5928
5920
6340
10224
4764
4712
4864
4840
4804
4520
4832
4804
4808
4772
4612
4900
4720
4860
4824
4908
4868
4672
4904
4864
4852
4672
4804
4868
4824
4900
4740
4800
4764
4816
4880
4904
4868
4684
4720
4720
4944
4800
4908
4908
4812
4720
4724
4912
4732
4904
4800
4576
4712
4948
4852
4860
4828
4876
4688
4824
4916
4836
4784
4800
4688
4572
4676
4864
4740
4816
4920
4928
4940
4716
4780
4556
4912
4696
4856
4684
4560
4896
4704
4744
4708
4904
4908
4728
4580
4776
4724
4752
4896
4720
4888
4920
4876
4716
4864
4724
4812
4892
4868
4568
4748
4592
4844
4736
4868
4520
4908
4576
4808
4748
4704
4504
4764
4516
4744
4684
4716
4452
4808
4756
4568
4508
4732
4548
4768
4684
4612
4744
4724
10476
4680
4572
4444
4612
4816
4444
4660
4816
4608
4564
4432
4744
4748
4624
4688
4712
4516
4836
4580
4704
4652
4736
4756
4716
4712
4632
4760
4776
4584
4776
4600
4440
4716
4704
4740
4432
4728
4564
4704
4436
4780
4728
4792
4780
4800
4632
4596
4612
4620
4724
4728
4820
4708
4628
4808
4740
4444
4392
4760
4876
4724
4768
4760
4788
4808
4784
4668
4684
4684
4876
4724
4600
4768
4564
4452
4820
4760
4500
9848
4724
4740
4748
4840
4608
4752
4836
4440
4804
4572
4772
4584
4856
4832
4676
4744
4608
4452
4752
4752
4760
4864
4724
4400
4564
4840
4788
4676
4748
4624
4524
4752
4600
4728
4720
4672
4848
4496
4400
4512
4800
4768
4496
4624
4676
4596
4664
4908
4868
4800
4804
4852
4800
4676
4532
4824
6284
4828
4692
4776
4840
4860
4708
6828
4856
10116
6888
4848
4840
4624
4836
4784
4900
4832
4668
4604
4828
4668
4456
9940
4796
4804
9844
6984
4820
4856
4768
4676
4744
4644
6608
4456
4832
4820
4864
4804
4656
4656
4692
4624
4880
4644
4804
4888
4756
4780
4808
6804
6724
4792
4676
4832
4688
4636
4596
4736
4444
4728
4896
4740
4744
4640
4408
4716
4480
4672
4540
4876
4684
4852
4828
4904
4720
4892
4720
4392
4796
4732
4748
4760
4584
4476
4784
4588
10228
4808
4532
4756
4744
4508
4780
4496
4912
4804
4660
4788
4536
4776
4720
4708
4708
4528
4708
4832
4892
4752
4756
4520
4880
4780
4444
4732
4780
4704
4744
4696
4744
4696
4736
4688
4580
4640
4584
4740
4856
6936
4760
4880
4784
4860
4732
4676
4672
4828
4640
4872
4528
4428
4716
4520
4684
4508
4496
4688
4428
4580
9876
4596
4452
4752
4688
4844
4796
4828
4844
4788
4496
4528
4780
4520
4896
4740
4788
4620
4908
4688
4564
4848
4532
4672
4736
4800
4672
4692
4688
4508
4508
4812
4664
4500
4668
4880
4812
4804
4800
4784
4504
4644
4816
4804
4536
4836
4720
4872
4460
4776
4852
4876
4840
4776
4812
4868
4884
4868
4760
4824
4856
4852
4744
4748
4840
4812
4832
4748
4880
4528
4752
4748
4784
4804
4840
4624
4824
4728
4756
4460
4848
4496
4748
4804
4640
4840
4700
4808
4940
4892
4552
4520
4748
4844
4520
4860
4708
4852
4812
4732
5212
5048
5192
5244
5280
5292
4892
4776
4604
4972
4924
4884
4852
4836
4984
4964
4940
4964
4968
4800
4892
4988
4768
4916
4952
5032
4888
4984
4916
5028
4748
4996
5044
5136
4768
4720
4812
4896
4868
4760
4876
4860
5164
4524
4836
4664
4756
4796
4636
4684
4824
4756
4856
4836
4864
4716
4764
4764
4828
4812
4800
4820
4740
4828
4644
4792
4480
4620
4864
4796
4752
4756
4796
4792
4776
4832
4788
4824
4816
4820
4800
4736
4704
4848
4684
4828
4796
4864
4948
4816
4872
4728
4896
4832
4804
4840
4528
4856
4728
4900
4808
4748
4852
4548
4912
4712
4828
4860
4696
4704
4516
4624
4800
4868
4656
4852
4816
4824
4792
4892
4800
4884
4764
4516
4608
4852
4792
4672
4788
4524
4784
4528
4800
4512
4868
4644
4744
4796
4832
4516
4628
4800
4784
4528
4728
4840
4776
4832
4784
4656
4888
4676
4776
4676
4780
4792
4836
4776
4824
4796
4840
4676
4836
4464
4744
4764
4844
4828
4776
4532
4812
4792
4676
4828
4800
4768
4824
4840
4808
4816
4868
4792
4696
4808
4768
4724
4640
4872
4700
4880
4920
4712
4848
4696
4880
4800
4792
4644
4660
4712
4560
4792
4868
4836
4824
4832
5220
5216
5260
4888
4740
4884
4940
4908
4816
4864
5008
4800
4640
4920
4992
4692
5340
5160
5068
4976
5216
5304
5280
5236
5172
5304
5272
5288
4820
4732
4748
4796
4816
4496
4788
4860
4836
4672
4784
4536
4836
4868
4816
4816
4856
4852
4768
4544
4780
4740
4860
4860
4816
4640
4796
4856
4800
4536
4780
4704
4820
4648
4520
4812
4668
4868
4796
4820
4860
4780
4868
4884
4828
4812
4552
4672
4860
4696
4832
4640
4840
4916
4828
4756
4904
4804
4652
4744
4820
4856
4688
4520
4492
4780
4676
4816
4780
4820
4752
4736
4856
4700
4672
4848
4804
4888
4532
4884
4744
4840
4672
4648
4836
4844
4864
4508
4792
4644
4848
4832
4796
4852
4904
4484
4816
4820
4784
4756
4684
4620
4848
4780
4812
4800
4856
4848
4812
4692
4788
4532
4432
4892
4756
4796
4704
4908
4704
4768
4860
4780
4700
4540
4540
4788
4840
4548
4680
4848
4744
4644
4844
4792
4872
4696
4656
4752
4840
4748
4756
4836
4828
4780
4820
4868
4664
4656
4532
4820
4816
4812
4656
4828
4704
4800
4824
4688
4848
4912
4776
4524
4764
4700
4728
4756
4724
4792
4772
4832
4528
4800
4532
4800
4860
4636
4732
4848
4836
4908
4676
4744
4860
4764
4708
4860
4736
4808
4836
4788
4860
4824
4804
4852
4780
4900
4872
4540
4664
4664
4664
4740
4884
4844
4540
4796
4916
4692
4800
4772
4692
4768
4896
4812
4844
4868
4744
4648
4692
4808
4528
4740
4744
4860
4636
4840
4828
4524
4776
4508
4860
4704
4668
4852
4532
4652
4496
4852
4860
4864
4852
4552
4704
4828
4636
4904
4788
4804
4720
4788
4696
4796
4512
4676
4812
4524
4736
4828
4716
4776
4788
4648
4840
4796
4700
4544
4840
4884
4796
4812
4700
4844
4784
4860
4864
4656
4868
4704
4848
4804
4908
4888
4848
4836
4832
4796
4852
4708
4644
4820
4512
4820
4640
4816
4640
4852
4520
4808
4540
4812
4860
4496
4884
4872
4792
4528
4832
4892
4524
4796
4852
4768
4860
4528
4824
4496
4784
4860
4676
4836
4544
4784
4624
4620
4772
4748
4800
4724
4476
4756
4808
4756
4504
4632
4808
4884
4888
4836
4832
4776
4792
4832
4536
4900
4672
4672
4528
4664
4796
4868
4700
4680
4740
4728
4764
4848
4824
4872
4820
4696
4872
4928
4552
4760
4716
4868
4540
4880
4912
4832
4696
4816
4704
4508
4812
4832
4664
4828
4788
4548
4708
4828
4788
4672
4796
4896
4720
4864
4676
4692
4508
4548
4756
4824
4668
4844
4700
4540
4700
4692
4816
4648
4656
4844
4708
4812
4816
4808
4796
4876
4672
4848
4840
4876
4760
4852
4484
4760
4816
4544
4824
4632
4860
4900
4492
4724
4656
4836
4600
4856
4744
4728
4864
4856
4692
4492
4788
4876
4804
4848
4748
4472
4780
4800
4812
4784
4876
4752
4824
4792
4864
4876
4472
4548
4696
4808
4864
4816
4748
4772
4816
4512
4876
4848
4812
4844
4776
4700
4808
4800
4768
4832
4852
4876
4668
4508
4536
4860
4676
4700
4528
4824
4860
4536
4860
4680
4820
4840
4672
4840
4800
4752
4752
4704
4780
4868
4852
4748
4904
4844
4884
4544
4768
4660
4808
4828
4764
4832
4864
4876
4684
4488
4580
4880
4864
4816
4712
4664
4612
4788
4512
4888
4772
4776
4780
4656
4808
4640
4864
4896
4480
4808
4852
4680
4844
4828
4492
4848
4872
4836
4772
4716
4812
4532
4824
4864
4668
4792
4836
4860
4648
4884
4868
4852
4708
4760
4696
4704
4836
4784
4528
4492
4844
4760
4876
4744
4816
4492
4804
4764
4720
4788
4516
4696
4692
4712
4544
4824
4772
4724
4840
4792
4844
4828
4856
4904
4552
4544
4792
4492
4752
5024
5152
4840
4692
4936
4952
4804
5100
4892
5052
4944
5076
5072
5064
4956
4784
5072
5004
4724
4904
4940
4952
4924
5004
4980
4908
4980
5068
4748
4872
4892
5016
4956
4960
4996
4900
4820
4916
4776
4680
4556
4892
4928
4832
5096
5068
4900
5000
5112
4708
4908
4884
4892
5092
5104
4956
5036
5108
4956
4972
4724
4996
4924
5364
4984
4884
4884
4860
4536
4808
4904
5044
5096
4840
4728
4712
4824
5088
4996
4892
4916
5092
5008
5088
5080
4636
4848
4760
4876
4916
4888
5052
5104
4716
5056
4892
5016
4900
4820
4556
5020
5048
5016
4980
4952
5152
5076
4896
4780
5124
5052
4912
5084
4724
4972
5028
4972
4984
4828
4816
4760
5000
4740
4728
5116
4580
4880
5076
4856
4932
4484
4884
4916
5116
4984
4972
4872
4808
4844
5176
4924
5056
4924
4964
4808
4796
4944
5068
4888
5296
5140
5200
4884
4896
4672
4760
4904
5048
5016
4948
4700
5108
4976
5152
5032
5052
5052
4768
5076
5032
4956
5060
4724
5016
5052
5016
5116
5160
5016
4916
4984
5072
4996
4880
4900
4876
4712
5076
5040
4808
4808
5068
5216
4856
5092
4956
5068
5028
5100
4836
5056
4988
4756
4836
4848
4848
4720
4772
4780
4756
4724
4656
4852
4696
4836
4728
4884
4804
5100
4940
5148
4792
4836
4880
5112
4828
4928
4932
5128
5080
5108
5124
5024
4688
4536
4624
5052
5176
5048
4928
4872
4588
5104
5124
5044
5100
4716
4912
4992
4940
5052
4780
4788
4732
5012
4796
4688
4736
4824
4896
4852
4672
4808
4748
4580
4832
4928
4808
5172
4740
5008
5096
4876
4808
4824
4836
5280
5152
5204
5196
5252
5004
5228
5228
5220
4800
4840
4984
4948
4744
5088
4836
4964
4524
4624
4924
5008
4544
4792
4872
4828
4680
5132
4684
4884
5112
5020
5016
4536
4784
4820
5052
4924
5008
4956
5008
5100
4812
5136
5092
5048
5080
4556
4800
4860
4848
4852
4912
5124
4960
4760
5076
5064
4972
4836
5048
4772
5024
5064
4912
4808
4568
4820
4796
4728
4764
4872
4696
4772
4936
4672
5052
4528
4900
4984
5024
4804
5076
5032
5012
4808
4788
5024
4804
5068
5392
4912
4728
4968
5148
4924
4648
4992
4920
5076
5048
5128
4964
5132
5080
5044
4912
4884
5060
5144
5096
5180
4900
4832
4960
5048
5048
5088
4968
5020
5184
4952
5084
4912
5080
5084
5132
4960
5020
4780
5068
5124
4924
5028
4944
5092
5080
5200
5108
5128
4856
4708
5164
5152
5152
4944
5148
4712
4992
5096
4980
5076
4828
5068
4976
4956
5000
5004
4812
4968
5156
5160
5060
5160
5164
5084
5056
5188
4748
4804
4948
5144
5100
5072
5024
5000
5160
4924
5264
5052
5088
5184
5124
5040
5220
5188
5012
5204
4976
4836
5000
5156
4764
5168
5108
4944
5016
5020
4784
5060
5164
5032
5164
5084
4924
4736
4768
5012
4792
5072
5044
5220
5104
5088
5032
4952
4968
4896
5064
4700
4740
5060
4860
4816
4848
5108
5040
5036
5048
5124
5112
5068
5084
5016
5100
5032
4984
5136
5068
5020
5008
5088
4912
5068
4968
5076
5044
5100
5124
5184
5068
5092
5204
4848
5036
4776
5080
4740
5056
4800
5172
4728
5064
5108
5084
4900
4712
4964
4996
4888
4892
4696
5064
4964
4856
5184
4796
4792
5024
5084
4992
5060
5076
4964
5144
4856
5116
4944
5212
4944
4968
5084
4948
5116
5060
5068
5184
4964
5020
4980
5100
4924
4948
4728
5100
5112
5120
4952
5004
5016
5140
5136
4804
4804
4780
4836
5036
4984
4964
4928
5000
4992
5068
4792
5020
5032
4804
4788
4908
5000
4856
5144
4908
5104
5132
5092
4976
4872
4820
4988
5100
5164
4988
5112
4944
5200
5112
5064
4752
5104
4828
5000
5180
4948
4844
5132
5120
4760
5044
5152
5092
4884
4708
5092
5024
4940
5008
4972
4940
4960
5084
4976
5092
5164
5000
4864
5012
4892
5048
5080
4984
4980
4932
5092
5064
5064
4720
4840
4848
4924
5136
5028
5020
5168
5116
5180
5060
5188
5112
5152
5088
5176
5176
5012
5020
5044
4788
5096
5032
5072
5040
5156
5036
5072
4792
5156
4788
5104
4888
5056
4828
5208
5224
5052
5148
5100
5156
4908
5084
4964
4816
5104
5100
5048
4772
4780
5044
5088
5140
4988
5152
4804
5096
4928
5184
5060
4900
5060
5080
4788
5204
5184
5020
5092
5124
5128
5028
4936
5184
4968
4972
4992
5120
5140
5072
5140
5076
4988
5060
4980
4988
5040
4748
4764
4972
5096
5140
5016
5236
4924
5080
5060
5000
5056
5164
5176
5140
4992
5112
4900
5072
5028
4688
5120
5052
4992
5104
5160
4744
5140
4972
4792
5128
5024
5212
4940
5204
5172
5156
4988
5004
5068
4984
4796
5108
4948
4860
4832
4644
4848
4760
4976
4836
5036
4960
4880
5064
4940
4892
5032
4928
5120
4964
4948
5068
5056
4924
4864
4684
5044
5128
5156
5136
5060
4804
4988
5108
5100
5124
4964
5092
4900
4992
5096
5180
5032
4984
5048
4756
4788
4784
5060
5112
4992
4916
4928
4724
4896
4968
4960
4888
4892
5184
4992
5108
4800
5052
4948
5152
5060
4924
5088
4768
5064
5068
5100
4748
5092
4824
5020
5116
5188
5116
4964
5176
5088
5044
5136
4952
5124
5072
5084
5148
5032
5076
4864
5140
5096
4784
5124
5104
5148
5124
4796
5156
5124
4876
4996
4960
5168
4992
5108
4960
4844
4964
5048
5132
4776
5076
4976
4872
5136
4896
5176
5012
5144
5148
5196
4800
5132
5104
4960
5000
4860
4964
5016
4960
5136
5176
5176
5140
5064
5024
4884
5100
5108
5088
4932
5136
5040
4900
4900
5032
5036
4860
4748
4960
5076
5084
5100
5028
4912
4728
5008
4928
5124
4920
4812
4612
4860
4996
4784
4896
5048
4752
5012
4932
5052
4724
5048
4884
5044
4976
5020
4928
4920
5124
4552
4960
4996
4720
5168
5092
5132
4968
5152
4616
5184
5044
4968
5148
5140
5116
4700
5004
4908
4904
4816
5012
5120
5064
5116
4964
5168
4768
5188
5140
5188
5184
5036
4900
5008
4820
4840
5116
5160
5008
5256
5192
5080
5124
4976
5120
4940
4964
5156
4948
5116
4984
