0.04
0.04
0.05
0.06
0.08
0.07
0.08
0.08
0.03
0.07
0.06
0.11
0.05
0.07
0.06
0.11
0.07
0.11
0.05
0.10
0.14
0.12
0.12
0.04
0.12
0.08
0.12
0.12
0.12
0.12
0.13
0.12
0.10
0.05
0.10
0.11
0.09
0.07
0.11
0.11
0.08
0.14
0.10
0.07
0.06
0.07
0.10
0.03
0.11
0.11
0.02
0.09
0.11
0.11
0.07
0.04
0.12
0.12
0.08
0.08
0.11
0.09
0.08
0.06
0.11
0.10
0.10
0.05
0.11
0.10
0.10
0.12
0.09
0.15
0.09
0.06
0.06
0.07
0.09
0.06
0.09
0.08
0.07
0.06
0.06
0.12
0.06
0.03
0.07
0.06
0.09
0.06
0.06
0.06
0.09
0.06
0.08
0.13
0.14
0.17
0.05
0.09
0.09
0.06
0.10
0.07
0.10
0.10
0.08
0.11
0.07
0.05
0.08
0.03
0.06
0.07
0.08
0.06
0.06
0.05
0.05
0.06
0.05
0.05
0.05
0.07
0.08
0.05
0.05
0.07
0.05
0.07
0.08
0.06
0.06
0.05
0.08
0.09
0.07
0.09
0.07
0.08
0.09
0.09
0.08
0.14
0.06
0.06
0.07
0.06
0.08
0.07
0.13
0.09
0.05
0.05
0.03
0.07
0.05
0.07
0.07
0.07
0.08
0.09
0.08
0.06
0.06
0.08
0.07
0.07
0.08
0.08
0.06
0.07
0.06
0.07
0.08
0.12
0.08
0.07
0.10
0.11
0.09
0.14
0.09
0.06
0.03
0.13
0.06
0.11
0.14
0.04
0.13
0.07
0.03
0.07
0.06
0.06
0.06
0.10
0.06
0.05
0.05
0.05
0.06
0.03
0.14
0.14
0.03
0.08
0.06
0.05
0.05
0.04
0.04
0.06
0.09
0.16
0.07
0.09
0.11
0.05
0.05
0.04
0.06
0.05
0.10
0.10
0.10
0.06
0.06
0.09
0.08
0.06
0.06
0.08
0.06
0.05
0.08
0.07
0.08
0.09
0.08
0.12
0.02
0.19
0.08
0.05
0.11
0.06
0.03
0.10
0.05
0.08
0.06
0.10
0.07
0.06
0.07
0.06
0.05
0.06
0.10
0.07
0.07
0.07
0.07
0.07
0.07
0.07
0.06
0.07
0.07
0.05
0.11
0.08
0.08
0.09
0.06
0.07
0.07
0.15
0.06
0.07
0.11
0.04
0.16
0.11
0.14
0.07
0.09
0.07
0.12
0.09
0.08
0.11
0.11
0.08
0.08
0.10
0.09
0.11
0.08
0.17
0.11
0.12
0.11
0.08
0.08
0.04
0.08
0.08
0.09
0.11
0.06
0.09
0.06
0.12
0.10
0.11
0.06
0.10
0.12
0.06
0.06
0.08
0.12
0.04
0.04
0.06
0.04
0.10
0.10
0.04
0.08
0.08
0.08
0.03
0.05
0.03
0.10
0.06
0.07
0.07
0.06
0.08
0.06
0.05
0.08
0.05
0.06
0.07
0.06
0.06
0.08
0.08
0.07
0.06
0.06
0.08
0.06
0.05
0.07
0.06
0.05
0.07
0.07
0.06
0.07
0.05
0.11
0.05
0.06
0.06
0.06
0.06
0.08
0.08
0.07
0.08
0.12
0.06
0.08
0.06
0.06
0.06
0.04
0.05
0.07
0.06
0.07
0.06
0.06
0.07
0.11
0.07
0.05
0.06
0.06
0.07
0.06
0.08
0.08
0.08
0.05
0.10
0.03
0.06
0.06
0.06
0.08
0.11
0.06
0.11
0.08
0.03
0.07
0.09
0.06
0.04
0.05
0.05
0.05
0.08
0.09
0.08
0.07
0.10
0.03
0.05
0.09
5.83
0.74
0.23
0.20
0.14
0.21
0.19
0.16
0.17
0.24
0.15
0.15
0.11
0.11
0.11
0.27
0.19
1.84
1.85
1.76
1.76
1.76
1.79
1.85
1.79
1.83
1.83
1.80
1.79
1.84
1.80
1.91
1.85
1.87
1.81
1.76
1.79
1.79
1.78
1.82
1.81
2.10
1.92
1.66
1.80
2.05
1.90
2.04
2.01
1.89
1.83
1.82
1.72
1.65
1.64
1.97
2.03
2.02
1.72
2.04
2.02
1.69
1.94
1.80
1.86
1.47
1.66
1.74
1.76
1.89
2.01
2.02
1.77
1.89
1.74
1.82
1.79
1.96
1.74
1.92
1.91
1.80
2.06
1.90
2.06
2.06
2.04
2.06
2.06
2.34
2.01
1.87
2.05
2.07
1.86
1.76
2.00
1.94
1.90
1.90
2.04
1.86
2.00
1.99
2.00
1.75
1.89
1.80
1.71
1.70
1.88
1.87
1.97
1.95
1.89
1.70
1.82
1.86
1.92
1.94
1.86
2.03
1.80
1.80
1.80
1.89
1.90
1.75
1.68
1.73
1.92
1.89
1.89
2.02
1.86
1.90
1.78
1.71
1.62
1.88
1.96
1.82
1.97
1.99
1.95
2.12
2.13
1.85
1.90
1.63
1.83
1.89
1.78
2.12
2.12
1.95
1.76
1.85
2.02
2.00
2.00
1.70
1.83
2.00
1.79
1.84
1.34
1.89
2.03
2.00
1.97
1.88
1.77
1.95
1.99
1.77
1.81
1.74
1.90
1.98
1.66
1.91
1.91
1.78
1.99
1.85
1.99
1.96
2.01
2.02
1.95
1.97
1.99
1.95
1.97
1.99
1.80
1.84
1.94
2.00
1.96
1.96
1.84
1.99
1.95
1.84
1.95
1.87
1.90
1.95
1.88
1.83
2.00
1.99
1.96
1.35
1.94
2.01
1.28
2.00
1.99
1.84
2.01
1.99
2.01
1.94
1.99
1.87
1.86
1.87
1.89
1.89
1.96
2.01
1.84
1.84
1.79
2.00
2.00
2.06
1.97
1.92
1.93
1.75
1.76
2.04
2.00
2.00
1.76
1.75
1.77
1.76
1.84
1.88
1.90
2.05
1.80
1.83
1.88
1.87
1.93
1.87
1.81
1.85
1.82
1.86
1.90
1.83
2.02
1.84
1.89
1.82
1.86
1.91
1.88
1.82
1.91
1.95
1.99
1.66
1.86
1.93
1.81
4.71
2.79
2.77
2.69
2.97
2.87
2.87
3.21
2.64
2.90
2.85
3.00
2.73
2.32
2.70
2.37
3.31
2.65
2.88
3.45
2.83
2.82
2.83
2.68
2.65
2.73
2.73
2.52
2.84
2.80
2.84
2.84
2.89
2.91
2.69
2.89
3.58
2.99
3.17
3.31
2.80
2.92
2.87
2.85
1.77
2.90
2.96
2.90
2.80
2.92
2.78
2.85
2.82
2.97
2.88
2.95
3.05
4.35
2.92
2.65
2.82
2.97
2.88
2.99
2.81
3.49
3.64
2.69
2.68
2.89
2.98
2.80
2.79
2.82
2.80
2.86
2.78
2.94
2.94
3.99
4.26
2.86
2.80
2.97
3.85
4.45
4.16
2.76
2.69
2.80
2.98
2.98
2.72
2.90
2.91
2.85
2.99
2.95
2.66
2.80
2.79
2.90
2.90
4.48
2.67
4.75
2.87
2.16
2.89
2.79
1.67
3.32
2.97
2.79
2.82
2.81
2.85
2.79
1.39
2.83
2.84
2.84
0.61
0.56
0.62
0.58
0.66
0.59
0.45
1.31
0.60
0.64
0.62
0.58
0.62
0.59
0.58
0.56
0.56
0.58
0.59
0.59
0.59
0.58
0.65
0.64
0.61
0.62
0.60
0.63
0.63
0.59
0.58
0.62
0.61
0.58
3.09
0.62
0.58
0.65
0.65
0.59
3.56
0.58
0.60
0.59
0.59
3.29
1.88
7.14
7.11
7.12
7.95
7.44
7.31
7.16
6.98
7.23
7.59
7.33
7.35
7.90
7.35
7.27
7.16
7.11
7.20
7.15
7.33
7.36
7.59
7.28
7.10
7.10
7.32
7.24
7.15
7.25
7.84
7.34
7.61
7.32
7.26
7.36
7.58
8.68
8.67
7.53
7.23
7.25
7.47
6.65
7.02
6.59
6.23
8.94
7.53
7.59
7.80
7.75
7.19
7.17
7.32
7.26
7.59
11.33
7.32
10.88
14.55
18.63
11.93
0.93
1.06
1.03
0.89
2.97
1.49
1.78
0.95
1.37
1.73
1.14
1.41
1.89
1.57
17.11
1.95
10.90
7.30
0.01
0.01
0.00
0.01
0.00
0.00
0.00
0.00
0.00
0.00
0.00
0.00
0.00
0.00
0.00
0.00
0.00
0.00
0.01
0.00
0.00
0.00
0.74
1.93
1.81
1.84
1.86
1.90
1.93
1.79
2.71
1.68
2.07
2.90
6.70
2.88
0.35
0.42
0.37
0.62
0.27
0.89
0.93
0.05
0.09
0.05
0.03
0.41
0.04
0.17
0.91
2.78
0.68
0.08
0.24
0.24
0.23
0.20
0.23
0.15
0.14
0.12
0.14
0.14
0.12
0.10
0.10
0.17
0.19
0.22
0.17
0.19
0.24
0.06
0.07
0.20
0.05
0.05
0.04
0.05
0.20
0.34
0.17
0.15
0.20
0.14
0.11
0.13
0.13
0.16
0.11
0.05
0.03
0.03
0.04
0.03
0.08
0.03
0.15
0.15
0.25
0.15
0.11
0.10
0.11
0.14
0.13
0.10
0.14
0.11
1.11
0.11
0.82
0.17
0.49
0.75
1.00
0.22
0.14
0.04
0.03
0.05
0.04
0.04
0.10
0.14
0.13
0.15
0.15
0.15
0.13
0.26
1.69
0.60
0.05
0.64
2.81
1.24
1.98
6.27
3.19
1.90
4.05
1.68
1.34
0.32
0.10
0.34
0.27
0.33
0.39
0.33
0.09
1.71
2.72
4.96
3.20
5.45
0.52
0.42
0.30
0.57
0.49
6.15
0.33
0.83
1.20
0.37
0.49
0.48
0.48
0.80
0.41
3.10
4.10
6.55
2.01
0.89
6.63
1.78
5.26
1.23
0.80
5.10
0.78
0.30
0.66
2.81
2.83
2.95
5.48
3.13
2.20
0.41
0.65
0.54
0.61
0.61
0.58
0.62
0.58
1.64
0.62
0.63
0.61
0.60
1.19
1.95
1.78
0.58
3.41
0.59
0.64
0.66
0.59
3.31
1.08
3.06
1.91
3.08
0.60
2.82
1.82
0.60
1.99
0.51
1.34
2.39
0.59
2.44
0.64
0.65
3.31
2.65
0.59
3.35
2.51
2.47
0.86
0.16
0.21
0.18
0.19
1.81
1.90
1.69
1.98
1.91
1.42
2.09
1.82
2.94
2.96
2.88
1.46
2.84
1.64
2.81
1.49
2.79
2.92
1.64
1.38
2.76
1.49
1.59
1.70
2.78
2.79
2.63
2.77
2.87
2.88
2.95
1.62
2.87
2.92
2.91
2.71
2.90
2.86
1.49
2.83
2.97
2.86
2.86
2.88
1.49
2.92
2.92
1.86
1.43
2.88
1.55
1.63
1.37
2.86
1.51
1.30
1.39
2.91
1.46
2.91
1.40
2.92
2.82
1.51
1.41
2.81
1.40
1.53
1.46
1.39
2.90
2.96
2.91
1.40
2.85
1.43
1.47
1.39
1.38
1.35
1.36
1.35
2.80
1.39
1.42
1.36
1.35
1.35
1.29
1.29
1.30
1.57
1.37
1.36
2.87
2.78
1.40
1.88
1.50
2.92
1.58
2.80
2.90
2.80
1.41
1.40
1.21
1.47
2.87
2.90
3.08
2.80
2.74
2.73
2.90
1.46
2.94
2.88
2.98
1.62
2.91
1.48
2.92
2.71
2.89
2.94
1.72
1.28
1.48
1.34
1.39
1.62
7.06
0.01
0.01
0.00
0.00
0.01
0.01
0.01
0.01
0.01
0.01
0.01
0.01
0.00
0.01
0.00
0.01
0.01
0.01
0.01
0.01
0.01
0.01
0.01
0.01
0.01
0.01
0.01
0.00
0.01
0.01
0.01
0.01
0.01
0.01
0.00
0.01
0.01
0.01
0.01
0.01
0.00
0.01
0.00
0.01
0.01
0.01
0.01
0.01
0.01
0.01
0.00
0.00
0.01
0.01
0.01
0.00
0.00
0.00
0.00
0.01
0.01
0.01
0.01
0.01
0.01
0.01
0.01
0.01
0.01
0.01
0.00
0.01
0.01
0.01
0.01
0.01
0.00
0.01
0.01
0.01
0.00
0.01
0.01
0.01
0.00
0.01
0.01
0.00
0.01
0.00
0.00
0.01
0.01
0.01
0.01
0.01
0.01
0.01
0.01
0.00
0.01
0.00
0.01
0.00
0.01
0.01
0.01
0.00
0.01
0.01
0.00
0.00
0.00
0.00
0.00
0.00
0.00
0.00
0.00
0.00
0.00
0.00
0.00
0.00
0.00
0.00
0.00
0.00
0.00
7.30
0.00
0.00
0.00
0.00
0.00
0.00
0.00
0.00
0.00
0.00
0.00
0.00
0.00
0.00
0.00
0.00
0.00
0.00
0.00
0.00
0.00
0.00
0.00
0.00
0.00
0.00
0.00
0.00
0.00
0.00
0.00
0.00
0.00
0.00
0.00
0.00
0.00
0.00
0.00
0.00
0.00
0.00
0.00
0.00
0.00
0.00
0.00
0.00
0.00
0.00
0.00
0.00
0.00
0.00
0.00
0.00
0.00
0.00
0.00
0.00
0.00
0.00
0.00
0.00
0.00
0.00
0.00
0.00
0.00
0.00
0.00
0.00
0.00
0.00
0.00
0.00
0.00
0.00
6.39
0.00
0.00
0.00
0.00
0.00
0.00
0.00
0.00
0.00
0.00
0.00
0.00
0.00
0.00
0.00
0.00
0.00
0.00
0.00
0.00
0.00
0.00
0.00
0.00
0.00
0.00
0.00
0.00
0.00
0.00
0.00
0.00
0.00
0.00
0.00
0.00
0.00
0.00
0.00
0.00
0.00
0.00
0.00
0.00
0.00
0.00
0.00
0.00
0.00
0.00
0.00
0.00
0.00
0.00
0.00
0.00
1.22
0.00
0.00
0.00
0.00
0.00
0.00
1.91
0.00
6.52
1.91
0.00
0.00
0.00
0.00
0.00
0.01
0.00
0.00
0.01
0.00
0.00
0.00
6.50
0.00
0.00
6.49
1.95
0.00
0.00
0.00
0.00
0.00
0.00
1.77
0.00
0.00
0.00
0.00
0.00
0.00
0.00
0.00
0.00
0.00
0.00
0.00
0.01
0.00
0.00
0.00
1.91
1.96
0.00
0.00
0.00
0.00
0.00
0.00
0.00
0.00
0.00
0.00
0.00
0.00
0.00
0.00
0.00
0.00
0.00
0.00
0.00
0.00
0.00
0.00
0.05
0.00
0.06
0.00
0.00
0.00
0.00
0.00
0.00
0.00
0.00
0.00
0.00
6.66
0.00
0.00
0.00
0.00
0.00
0.00
0.00
0.00
0.00
0.00
0.00
0.00
0.00
0.00
0.00
0.00
0.00
0.00
0.00
0.00
0.00
0.00
0.00
0.00
0.00
0.00
0.00
0.00
0.00
0.00
0.00
0.00
0.00
0.00
0.00
0.00
0.00
0.00
0.00
0.00
1.88
0.00
0.00
0.00
0.00
0.00
0.00
0.00
0.00
0.00
0.00
0.00
0.00
0.00
0.00
0.00
0.00
0.00
0.00
0.00
0.00
6.49
0.00
0.00
0.00
0.00
0.00
0.00
0.00
0.00
0.00
0.00
0.00
0.00
0.00
0.01
0.00
0.00
0.00
0.01
0.00
0.00
0.00
0.00
0.00
0.00
0.00
0.00
0.00
0.00
0.00
0.00
0.00
0.00
0.00
0.00
0.00
0.00
0.00
0.00
0.00
0.00
0.00
0.00
0.00
0.00
0.00
0.00
0.00
0.00
0.00
0.00
0.00
0.00
0.00
0.00
0.00
0.00
0.00
0.00
0.00
0.00
0.00
0.00
0.00
0.00
0.00
0.00
0.00
0.00
0.00
0.00
0.00
0.00
0.00
0.00
0.00
0.00
0.00
0.00
0.00
0.00
0.00
0.00
0.00
0.00
0.00
0.00
0.00
0.00
0.00
0.00
0.00
0.00
0.00
0.00
0.00
0.00
0.00
0.00
0.00
0.16
0.14
0.15
0.20
0.16
0.17
0.01
0.01
0.02
0.02
0.02
0.02
0.02
0.02
0.01
0.01
0.01
0.01
0.01
0.03
0.03
0.03
0.03
0.03
0.07
0.06
0.06
0.04
0.04
0.08
0.08
0.08
0.08
0.08
0.08
0.00
0.00
0.00
0.00
0.00
0.00
0.00
0.08
0.00
0.00
0.00
0.00
0.00
0.00
0.00
0.00
0.00
0.00
0.00
0.00
0.00
0.00
0.00
0.00
0.00
0.00
0.00
0.00
0.00
0.00
0.00
0.00
0.00
0.00
0.00
0.00
0.00
0.00
0.00
0.00
0.00
0.00
0.00
0.00
0.00
0.00
0.00
0.00
0.00
0.00
0.00
0.00
0.00
0.00
0.00
0.00
0.00
0.00
0.00
0.00
0.00
0.00
0.00
0.00
0.01
0.00
0.00
0.00
0.00
0.00
0.00
0.00
0.00
0.00
0.00
0.00
0.00
0.00
0.00
0.00
0.00
0.00
0.00
0.00
0.00
0.00
0.00
0.00
0.00
0.00
0.00
0.00
0.00
0.00
0.00
0.00
0.00
0.00
0.00
0.00
0.00
0.00
0.00
0.00
0.00
0.00
0.00
0.00
0.00
0.00
0.00
0.00
0.00
0.00
0.00
0.00
0.00
0.00
0.00
0.00
0.00
0.00
0.00
0.00
0.00
0.00
0.00
0.00
0.00
0.00
0.00
0.00
0.00
0.00
0.00
0.00
0.00
0.00
0.00
0.00
0.00
0.00
0.00
0.00
0.00
0.00
0.00
0.00
0.00
0.00
0.00
0.00
0.00
0.00
0.00
0.00
0.00
0.00
0.00
0.00
0.00
0.00
0.00
0.00
0.00
0.00
0.00
0.00
0.00
0.00
0.00
0.19
0.21
0.21
0.21
0.00
0.00
0.03
0.04
0.04
0.03
0.03
0.03
0.03
0.03
0.03
0.04
0.22
0.22
0.23
0.22
0.22
0.22
0.22
0.21
0.22
0.22
0.23
0.23
0.00
0.00
0.00
0.00
0.00
0.00
0.00
0.00
0.00
0.00
0.00
0.00
0.00
0.00
0.00
0.00
0.00
0.00
0.00
0.00
0.00
0.00
0.00
0.00
0.00
0.00
0.00
0.00
0.00
0.00
0.00
0.00
0.00
0.00
0.00
0.00
0.00
0.00
0.00
0.00
0.00
0.00
0.00
0.00
0.00
0.00
0.00
0.00
0.00
0.00
0.00
0.00
0.00
0.00
0.00
0.00
0.00
0.00
0.00
0.00
0.00
0.00
0.00
0.00
0.00
0.00
0.00
0.00
0.00
0.00
0.00
0.00
0.00
0.00
0.00
0.00
0.00
0.00
0.00
0.00
0.00
0.00
0.00
0.00
0.00
0.00
0.00
0.00
0.00
0.00
0.00
0.00
0.00
0.00
0.00
0.00
0.00
0.00
0.00
0.00
0.00
0.00
0.00
0.00
0.00
0.00
0.00
0.00
0.00
0.00
0.00
0.00
0.00
0.00
0.00
0.00
0.00
0.00
0.00
0.00
0.00
0.00
0.00
0.00
0.00
0.00
0.00
0.00
0.00
0.00
0.00
0.00
0.00
0.00
0.00
0.00
0.00
0.00
0.00
0.00
0.00
0.00
0.00
0.00
0.00
0.00
0.00
0.00
0.00
0.00
0.00
0.00
0.00
0.00
0.00
0.00
0.00
0.00
0.00
0.00
0.00
0.00
0.00
0.00
0.00
0.00
0.00
0.00
0.00
0.00
0.00
0.00
0.00
0.00
0.00
0.00
0.00
0.00
0.00
0.00
0.00
0.00
0.00
0.00
0.00
0.00
0.00
0.00
0.00
0.00
0.00
0.00
0.00
0.00
0.00
0.00
0.00
0.00
0.00
0.00
0.00
0.00
0.00
0.00
0.00
0.00
0.00
0.00
0.00
0.00
0.00
0.00
0.00
0.00
0.00
0.00
0.00
0.00
0.00
0.00
0.00
0.00
0.00
0.00
0.00
0.00
0.00
0.00
0.00
0.00
0.00
0.00
0.00
0.00
0.00
0.00
0.00
0.00
0.00
0.00
0.00
0.00
0.00
0.00
0.00
0.00
0.00
0.00
0.00
0.00
0.00
0.00
0.00
0.00
0.00
0.00
0.00
0.00
0.00
0.00
0.00
0.00
0.00
0.00
0.00
0.00
0.00
0.00
0.00
0.00
0.00
0.00
0.00
0.00
0.00
0.00
0.00
0.00
0.00
0.00
0.00
0.00
0.00
0.00
0.00
0.00
0.00
0.00
0.00
0.00
0.00
0.00
0.00
0.00
0.00
0.00
0.00
0.00
0.00
0.00
0.00
0.00
0.00
0.00
0.00
0.00
0.00
0.00
0.00
0.00
0.00
0.00
0.00
0.00
0.00
0.00
0.00
0.00
0.00
0.00
0.00
0.00
0.00
0.00
0.00
0.00
0.00
0.00
0.00
0.00
0.00
0.00
0.00
0.00
0.00
0.00
0.00
0.00
0.00
0.00
0.00
0.00
0.00
0.00
0.00
0.00
0.00
0.00
0.00
0.00
0.00
0.00
0.00
0.00
0.00
0.00
0.00
0.00
0.00
0.00
0.00
0.00
0.00
0.00
0.00
0.00
0.00
0.00
0.00
0.00
0.00
0.00
0.00
0.00
0.00
0.00
0.00
0.00
0.00
0.00
0.00
0.00
0.00
0.00
0.00
0.00
0.00
0.00
0.00
0.00
0.00
0.00
0.00
0.00
0.00
0.00
0.00
0.00
0.00
0.00
0.00
0.00
0.00
0.00
0.00
0.00
0.00
0.00
0.00
0.00
0.00
0.00
0.00
0.00
0.00
0.00
0.00
0.00
0.00
0.00
0.00
0.00
0.00
0.00
0.00
0.00
0.00
0.00
0.00
0.00
0.00
0.00
0.00
0.00
0.00
0.00
0.00
0.00
0.00
0.00
0.00
0.00
0.00
0.00
0.00
0.00
0.00
0.00
0.00
0.00
0.00
0.00
0.00
0.00
0.00
0.00
0.00
0.00
0.00
0.00
0.00
0.00
0.00
0.00
0.00
0.00
0.00
0.00
0.00
0.00
0.00
0.00
0.00
0.00
0.00
0.00
0.00
0.00
0.00
0.00
0.00
0.00
0.00
0.00
0.00
0.00
0.00
0.00
0.00
0.00
0.00
0.00
0.00
0.00
0.00
0.00
0.00
0.00
0.00
0.00
0.00
0.00
0.00
0.00
0.00
0.00
0.00
0.00
0.00
0.00
0.00
0.00
0.00
0.00
0.00
0.00
0.00
0.00
0.00
0.00
0.00
0.00
0.00
0.00
0.00
0.00
0.00
0.00
0.00
0.00
0.00
0.00
0.00
0.00
0.00
0.00
0.00
0.00
0.00
0.00
0.00
0.00
0.00
0.00
0.00
0.00
0.00
0.00
0.00
0.00
0.00
0.00
0.00
0.00
0.00
0.00
0.00
0.00
0.00
0.00
0.00
0.00
0.00
0.00
0.00
0.00
0.00
0.00
0.00
0.00
0.00
0.00
0.00
0.00
0.00
0.00
0.00
0.00
0.00
0.00
0.00
0.00
0.00
0.00
0.00
0.00
0.00
0.00
0.00
0.00
0.00
0.07
0.06
0.00
0.00
0.07
0.01
0.00
0.07
0.07
0.07
0.07
0.07
0.07
0.07
0.07
0.07
0.06
0.05
0.00
0.05
0.05
0.01
0.05
0.05
0.05
0.05
0.05
0.05
0.05
0.06
0.05
0.06
0.05
0.05
0.05
0.00
0.00
0.00
0.00
0.00
0.00
0.00
0.01
0.00
0.07
0.07
0.00
0.05
0.07
0.00
0.00
0.00
0.00
0.07
0.07
0.07
0.07
0.07
0.07
0.06
0.01
0.05
0.05
0.21
0.07
0.00
0.06
0.01
0.00
0.03
0.01
0.06
0.06
0.00
0.00
0.00
0.00
0.07
0.07
0.06
0.05
0.05
0.05
0.08
0.08
0.02
0.00
0.00
0.00
0.01
0.01
0.07
0.07
0.00
0.07
0.07
0.05
0.00
0.00
0.00
0.05
0.06
0.07
0.07
0.07
0.06
0.07
0.06
0.07
0.07
0.06
0.01
0.05
0.00
0.05
0.05
0.05
0.07
0.12
0.01
0.00
0.07
0.07
0.00
0.06
0.00
0.02
0.06
0.00
0.00
0.00
0.01
0.00
0.07
0.07
0.07
0.01
0.00
0.00
0.07
0.07
0.07
0.07
0.07
0.07
0.07
0.07
0.07
0.06
0.21
0.14
0.14
0.00
0.00
0.00
0.01
0.01
0.06
0.06
0.06
0.00
0.07
0.06
0.06
0.06
0.07
0.07
0.07
0.07
0.07
0.03
0.07
0.07
0.07
0.07
0.07
0.07
0.07
0.05
0.05
0.07
0.07
0.07
0.01
0.00
0.00
0.00
0.07
0.07
0.08
0.01
0.07
0.08
0.08
0.07
0.07
0.07
0.07
0.07
0.00
0.07
0.07
0.00
0.00
0.00
0.00
0.00
0.00
0.00
0.00
0.00
0.00
0.00
0.00
0.00
0.00
0.00
0.00
0.07
0.00
0.06
0.01
0.00
0.00
0.05
0.00
0.06
0.07
0.07
0.08
0.08
0.07
0.07
0.00
0.00
0.02
0.06
0.07
0.07
0.07
0.01
0.01
0.07
0.08
0.05
0.07
0.00
0.08
0.08
0.07
0.07
0.07
0.07
0.07
0.07
0.06
0.00
0.06
0.00
0.00
0.00
0.00
0.00
0.01
0.00
0.06
0.08
0.07
0.07
0.00
0.06
0.06
0.06
0.00
0.00
0.00
0.24
0.25
0.24
0.17
0.17
0.24
0.24
0.24
0.23
0.01
0.01
0.07
0.07
0.05
0.06
0.00
0.01
0.00
0.01
0.06
0.06
0.00
0.00
0.00
0.00
0.00
0.07
0.00
0.00
0.07
0.07
0.06
0.00
0.00
0.00
0.07
0.05
0.05
0.07
0.06
0.08
0.00
0.08
0.05
0.06
0.05
0.00
0.06
0.06
0.00
0.00
0.06
0.07
0.03
0.06
0.07
0.07
0.07
0.00
0.06
0.06
0.06
0.06
0.00
0.00
0.00
0.00
0.00
0.06
0.06
0.00
0.00
0.00
0.00
0.00
0.07
0.00
0.00
0.06
0.06
0.01
0.07
0.07
0.07
0.07
0.07
0.07
0.07
0.05
0.25
0.00
0.09
0.10
0.10
0.09
0.00
0.10
0.09
0.11
0.09
0.09
0.09
0.09
0.09
0.07
0.06
0.06
0.06
0.08
0.08
0.09
0.06
0.11
0.06
0.06
0.09
0.09
0.10
0.14
0.14
0.11
0.04
0.03
0.08
0.09
0.09
0.09
0.09
0.07
0.10
0.08
0.07
0.09
0.09
0.07
0.12
0.12
0.11
0.12
0.06
0.05
0.09
0.12
0.12
0.12
0.11
0.07
0.12
0.10
0.11
0.11
0.11
0.06
0.11
0.06
0.10
0.10
0.09
0.10
0.10
0.10
0.10
0.10
0.10
0.10
0.09
0.10
0.07
0.09
0.07
0.10
0.10
0.11
0.10
0.09
0.10
0.06
0.14
0.14
0.14
0.14
0.14
0.14
0.14
0.14
0.14
0.14
0.10
0.13
0.12
0.10
0.08
0.10
0.08
0.09
0.10
0.09
0.09
0.09
0.10
0.10
0.10
0.10
0.10
0.07
0.09
0.12
0.09
0.11
0.09
0.11
0.10
0.11
0.09
0.10
0.08
0.04
0.04
0.04
0.06
0.06
0.13
0.02
0.04
0.09
0.08
0.08
0.08
0.10
0.09
0.08
0.09
0.09
0.09
0.09
0.06
0.08
0.06
0.06
0.06
0.06
0.06
0.07
0.07
0.07
0.07
0.10
0.10
0.09
0.10
0.10
0.09
0.04
0.04
0.01
0.06
0.05
0.05
0.09
0.09
0.08
0.09
0.08
0.09
0.02
0.05
0.10
0.06
0.02
0.06
0.05
0.08
0.05
0.02
0.10
0.09
0.10
0.05
0.09
0.09
0.09
0.09
0.09
0.09
0.06
0.10
0.10
0.13
0.13
0.08
0.08
0.10
0.10
0.10
0.10
0.13
0.09
0.09
0.09
0.09
0.04
0.04
0.08
0.13
0.08
0.09
0.09
0.07
0.09
0.09
0.09
0.09
0.09
0.07
0.09
0.07
0.10
0.11
0.11
0.11
0.11
0.08
0.00
0.08
0.06
0.09
0.00
0.06
0.10
0.06
0.09
0.00
0.11
0.11
0.10
0.07
0.07
0.10
0.07
0.07
0.11
0.08
0.11
0.10
0.10
0.07
0.07
0.07
0.08
0.11
0.07
0.10
0.10
0.11
0.11
0.08
0.08
0.09
0.09
0.09
0.07
0.06
0.09
0.07
0.07
0.07
0.07
0.08
0.10
0.10
0.07
0.08
0.10
0.08
0.07
0.07
0.08
0.07
0.06
0.04
0.10
0.09
0.09
0.09
0.07
0.07
0.13
0.06
0.06
0.10
0.09
0.06
0.09
0.08
0.09
0.09
0.10
0.12
0.09
0.10
0.13
0.14
0.14
0.07
0.07
0.13
0.12
0.11
0.07
0.13
0.13
0.07
0.07
0.10
0.10
0.07
0.09
0.07
0.07
0.11
0.14
0.13
0.11
0.11
0.07
0.10
0.07
0.09
0.07
0.10
0.10
0.07
0.10
0.10
0.10
0.10
0.10
0.10
0.06
0.08
0.09
0.07
0.06
0.09
0.10
0.06
0.06
0.07
0.07
0.10
0.11
0.11
0.05
0.10
0.11
0.11
0.09
0.14
0.09
0.08
0.10
0.07
0.09
0.06
0.13
0.09
0.03
0.11
0.10
0.09
0.09
0.07
0.09
0.11
0.12
0.08
0.13
0.13
0.08
0.04
0.04
0.04
0.04
0.11
0.11
0.10
0.10
0.09
0.07
0.06
0.06
0.04
0.08
0.08
0.09
0.08
0.11
0.08
0.11
0.11
0.11
0.09
0.07
0.11
0.08
0.11
0.10
0.11
0.09
0.09
0.07
0.11
0.09
0.09
0.08
0.10
0.09
0.02
0.00
0.00
0.06
0.11
0.07
0.04
0.06
0.06
0.06
0.05
0.04
0.04
0.07
0.06
0.04
0.05
0.04
0.05
0.05
0.05
0.11
0.10
0.09
0.11
0.10
0.09
0.09
0.09
0.07
0.09
0.09
0.09
0.00
0.09
0.07
0.09
0.09
0.09
0.09
0.09
0.09
0.09
0.09
0.09
0.09
0.06
0.06
0.05
0.07
0.10
0.09
0.05
0.05
0.14
0.14
0.09
0.09
0.09
0.09
0.09
0.09
0.09
0.07
0.09
0.09
0.09
0.06
0.06
0.10
0.09
0.09
0.10
0.11
0.11
0.10
0.09
0.09
0.09
0.09
0.09
0.09
0.09
0.09
0.09
0.09
0.09
0.11
0.09
0.10
0.09
0.07
0.10
0.11
0.09
0.08
0.11
0.11
0.04
0.03
0.03
0.11
0.04
0.11
0.05
0.04
0.09
0.12
0.09
0.09
0.09
0.11
0.11
0.09
0.07
0.09
0.09
0.08
0.08
0.08
0.08
0.10
0.09
0.04
0.03
0.03
0.03
0.03
0.03
0.09
0.10
0.12
0.11
0.07
0.07
0.07
0.07
0.07
0.07
0.07
0.07
0.07
0.07
0.07
0.07
0.07
0.07
0.07
0.07
0.07
0.09
0.07
0.06
0.07
0.07
0.09
0.09
0.09
0.02
0.11
0.02
0.00
0.07
0.07
0.07
0.07
0.07
0.07
0.07
0.07
0.07
0.07
0.05
0.09
0.09
0.09
0.03
0.07
0.07
0.02
0.07
0.03
0.06
0.10
0.07
0.07
0.10
0.09
0.01
0.13
0.10
0.09
0.11
0.11
0.11
0.00
0.06
0.01
0.01
0.00
0.03
0.08
0.14
0.09
0.10
0.09
0.01
0.09
0.10
0.09
0.09
0.09
0.05
0.05
0.05
0.05
0.10
0.13
0.13
0.13
0.13
0.09
0.09
0.09
0.09
0.10
0.10
0.09
0.10
0.09
0.05
