4632
4760
4616
5016
4944
4912
4940
4896
4896
4624
4972
4840
4980
5000
4976
4836
5024
4956
4868
4856
5040
4880
4884
4928
4992
4940
5060
4964
5016
4936
4972
5052
4936
4896
5020
4972
4776
4780
5108
4972
5048
4948
4976
4960
4896
4920
4988
4852
4920
4960
4824
4888
5024
4632
4668
4968
4924
4912
4844
4972
4860
4820
4992
4976
4688
4836
5012
4968
4908
5064
4904
4932
5028
4888
4700
5004
4936
4928
4628
4940
4916
4916
4888
4980
4996
4716
4872
4964
4968
4624
4924
4792
4960
4832
4900
4648
4856
4968
4864
5112
4784
4836
4948
4912
4812
4980
5028
4920
4944
4976
4816
4844
5004
4860
4944
5004
4984
4988
4796
4896
4744
4956
4856
4644
5012
4976
4932
4636
4928
4852
4776
4640
5004
4788
5008
4736
4852
4900
4952
4820
4872
5000
4908
4672
4988
5044
4876
4648
4952
4948
4952
4840
4920
4980
4732
4800
4956
4964
4872
4896
4996
5000
4688
4776
4920
4808
4780
4908
4932
4836
4872
4784
4980
4996
4836
4932
4992
4912
4996
4872
4668
5020
5000
4728
4912
4888
4892
4908
4900
4728
4688
4632
5004
4916
4944
4800
4808
5028
5020
4940
4640
4652
4788
4860
4864
4756
4712
5100
4832
5000
5056
4956
5004
4960
4916
5024
4972
5016
4828
4860
4692
4976
4888
4796
4568
4852
5052
5024
4976
5012
4988
5028
4896
4836
4876
4904
4984
4824
5008
4976
5008
4888
4928
5052
4904
4980
4644
5012
4844
4944
4868
4976
4920
4908
4984
5012
5036
4952
4952
4968
4596
4868
5092
4668
4788
4820
4804
4928
4964
4920
4972
4968
4952
4960
5004
4940
5056
5020
4936
4952
4960
5100
4928
4936
4900
4900
5104
5008
5044
4676
4836
4968
5048
4996
5016
5044
5004
5032
5008
5036
4936
5036
4792
4912
5064
5008
5072
4688
5020
4736
4988
4992
4784
4864
4852
4976
4884
4716
4956
5072
4860
5016
4964
4904
4916
4636
4744
4600
4776
4632
4844
4688
4956
4900
4784
4992
4828
4932
5016
4940
5008
4828
4788
4912
4860
4940
4904
4804
4640
4732
4788
4944
4808
4944
4992
5004
4940
4976
4956
4828
4996
4904
5024
4804
4772
4784
5000
4976
5024
4792
4984
5004
4920
4976
4848
4844
5020
4872
4916
4792
5008
4948
4836
4768
5004
5000
4852
4772
4936
4792
4668
4928
4948
4684
4892
5028
4948
4952
4956
4968
4860
4892
5020
4976
4784
5016
4604
4908
4960
4792
4896
4668
4776
4696
4936
4864
4920
4888
4644
4860
4968
4808
4948
4672
4656
4948
4684
4948
4868
4916
4780
6168
5284
5160
4756
4952
4804
5052
5028
5084
5132
5036
5096
5008
5032
4656
4984
5040
5716
5632
5368
5392
5528
5636
5280
5388
5420
5788
5420
5584
5580
5484
5668
5732
5456
5532
5476
5576
5604
5504
5756
5440
6272
5348
5560
5732
5868
5452
5484
5820
5620
5676
5704
5568
5364
5464
5632
5556
5608
5584
5612
5732
5580
5804
5780
5664
5564
5560
5564
5480
5644
5464
5460
5432
5724
5220
5456
5592
5468
5672
5548
5516
5624
5844
5612
5596
5664
5632
5612
5564
5840
5644
5392
5908
5540
5508
5364
5752
5708
5740
5768
5500
5380
5684
5896
5920
5220
5688
5264
5632
5508
5684
5716
5708
5748
5672
5532
5680
5604
5696
5572
5424
5668
5584
5656
5472
5664
5536
5672
5484
5676
5276
5772
5468
5516
5640
5572
5576
5432
5712
5732
5444
5404
5336
5564
5468
5664
5912
5600
5740
5640
5520
5372
5604
5768
5656
5720
5440
5580
5724
5644
5588
5356
5708
5520
5632
5636
5284
5920
5700
5472
5620
5456
5584
5480
5436
5364
5728
5460
5844
5712
5548
5484
5548
5812
5560
5512
5584
5444
5808
5724
5540
5280
5688
5844
5852
5452
5644
5604
5680
5652
5500
5632
5636
5460
5732
5684
5756
5944
5708
5376
5720
5656
5628
5528
5620
5260
5620
5496
5400
5712
5652
5724
5416
5832
5616
5504
5716
5728
5528
5728
5640
5996
5340
5792
5572
5420
5592
5740
5852
5488
5452
5668
5684
5736
5540
5700
5404
5652
5608
5716
5664
5476
5660
5620
5488
5712
5432
5420
5436
5568
5416
5616
5352
5564
5580
5564
5604
5496
5440
5736
5628
5892
5472
5640
5652
5664
5400
5408
5680
5648
5512
5372
5692
6236
5644
6172
5892
5708
5896
5676
5872
6232
5812
5900
5816
5688
5444
5840
5696
5604
5528
5948
5768
5928
5808
5956
5824
5608
5868
6132
5576
5828
5888
5912
5884
5740
5700
5588
5860
5932
5708
5956
5824
5816
5576
5524
5692
5876
6096
5776
5748
5856
5760
5520
6068
6004
6056
5564
5828
5996
5972
5712
5600
5724
5948
5680
5808
5924
6036
5872
5832
5704
5712
6008
5704
5692
5672
5956
5812
5872
5908
5860
5720
5976
5576
5984
5804
6176
6128
6084
5740
5852
5988
5760
5868
5640
5992
5976
5648
5884
5828
5692
5824
5652
5832
5476
6228
5896
6000
5944
5624
5740
5888
5200
5632
5988
5700
5780
5864
5620
5772
5284
5880
5760
5752
5436
4984
5404
5200
5392
5184
5236
5468
5348
5216
5256
5292
5244
5212
5300
5244
5416
5352
5296
5544
5228
5424
5028
5316
5340
5296
5228
5364
5152
5372
5272
5412
5008
5348
5804
5352
5368
5352
5456
5180
5996
5244
5244
5336
5312
5756
5548
7176
6984
7220
7560
7268
6820
6908
7224
7460
7260
6828
6484
6804
7076
7088
6968
6868
6856
6732
6896
6696
7024
6816
7452
6620
7276
6412
7004
7232
6740
7392
7748
7064
7152
7168
6920
7412
7060
6976
7004
6876
6972
6776
7156
6556
6332
7604
7324
6968
7172
6996
6940
6732
6596
6596
7212
7848
7224
8184
8304
8236
7388
5220
5000
5256
5288
5872
5424
5444
5456
5444
5452
5396
5380
5504
5520
8256
5616
7916
6684
4736
4660
4604
4708
4632
4872
4820
4508
4656
4824
4752
4888
4552
4776
4904
4868
4752
4672
4916
4788
4864
4864
5400
5680
5504
5364
5620
5524
5748
5756
5964
5356
5884
6060
6680
5904
5132
5128
5224
5412
5008
5252
5328
4992
4852
4600
4944
5196
4936
5064
5108
5692
5372
4900
5116
4772
4808
5032
4820
4940
4944
4992
5112
4992
5024
5012
5036
5020
5080
5024
5048
4808
4828
4860
4640
5132
4936
4716
4820
4852
4948
5148
4944
5124
4980
5064
4960
5028
5024
4860
4812
4880
4748
4764
4848
4884
5000
4740
4856
5000
4968
4952
4944
4652
5000
4892
4860
4836
5032
5072
5368
4924
5468
4780
5152
5404
5392
5084
4868
4780
4864
4856
4944
4792
4892
5004
5032
4920
5012
5016
5036
5184
5416
5152
4612
5312
5708
5388
5496
6444
5876
5572
6024
5556
5348
5124
4708
5160
5156
5076
5144
5020
4880
5296
5656
6008
5840
6416
5228
5232
5168
5404
5228
6724
4840
5120
5344
5268
5224
5176
5292
5480
5252
5508
6036
6328
5556
5404
6440
5592
6392
5268
5244
6128
5148
5124
5204
5888
5860
5660
6696
5924
5676
5252
5332
5184
5260
5420
5296
5448
5264
5488
5324
5032
5180
5264
5452
5744
5532
5360
6176
5324
5284
5104
5248
5900
5352
5764
5548
6020
5224
5628
5452
5236
5736
5208
5296
5524
5360
5456
5364
5456
6288
5760
5344
6096
5760
5592
5420
5140
5012
5092
5072
5576
5524
5644
5492
5464
5412
5656
5548
6204
6024
5756
5532
5796
5584
6020
5320
5500
6024
5348
5552
5880
5440
5328
5584
5748
5840
5788
5920
5720
5636
5512
5516
5928
5816
5920
5736
5828
5732
5484
5788
5792
5660
5508
6136
5436
5920
6020
5512
5388
5840
5428
5468
5492
5716
5456
5388
5516
5704
5340
6060
5364
5704
5868
5552
5376
5808
5604
5548
5580
5388
6160
5772
5940
5364
5816
5464
5464
5252
5456
5440
5416
5336
5732
5220
5168
5544
5132
5336
5276
5276
5396
5524
5312
5300
5692
5836
5248
5528
5592
5624
5476
5704
5848
5956
5344
5504
5260
5296
5888
6068
5948
6028
5688
5616
5628
5372
5860
5624
5648
5292
5716
5492
5756
5560
5772
6184
5216
5472
5488
5368
5508
5488
7252
4868
4784
4828
4456
4708
4688
4656
4872
4884
4784
4820
4796
4808
4812
4864
4872
4628
4640
4748
4632
4816
4876
4912
4688
4532
4912
4516
4832
4696
4860
4900
4756
4876
4896
4852
4816
4796
4780
4688
4888
4816
4672
4788
4772
4784
4900
4860
4868
4596
4592
4812
4816
4776
4800
4664
4648
4852
4480
4760
4788
4604
4716
4780
4868
4804
4892
4688
4808
4844
4888
4620
4812
4516
4772
4708
4884
4712
4752
4920
4852
4876
4848
4556
4692
4532
4876
4820
4484
4832
4860
4800
4624
4696
4716
4720
4808
4860
4716
4632
4932
4644
4696
4812
4756
4720
4736
4784
4860
4724
4468
4620
4784
4768
4716
4556
4768
4708
4760
4404
4692
4744
4640
4592
4680
4844
4596
4692
4656
4788
7156
4804
4648
4756
4856
4652
4748
4812
4744
4740
4672
4628
4768
4632
4684
4412
4708
4792
4808
4792
4744
4716
4744
4744
4736
4580
4420
4768
4672
4564
4776
4780
4712
4752
4728
4596
4556
4688
4732
4692
4784
4660
4680
4732
4800
4740
4740
4752
4840
4808
4756
4564
4784
4644
4620
4680
4620
4616
4780
4764
4556
4688
4584
4632
4768
4576
4688
4404
4564
4732
4628
4688
4736
4692
4740
4580
4556
4844
4888
6960
4532
4760
4780
4620
4404
4608
4452
4756
4728
4764
4764
4616
4860
4436
4596
4792
4408
4712
4536
4840
4620
4660
4632
4584
4732
4684
4844
4848
4708
4768
4760
4696
4752
4720
4604
4728
4752
4680
4852
4788
4852
4884
4684
4560
4764
4808
4840
4784
4760
4456
4620
4764
4840
4640
4764
4584
5324
4712
4636
4588
4752
4660
4444
5556
4852
7348
5520
4560
4732
4728
4712
4548
4724
4416
4716
4892
4524
4740
4452
7048
4728
4672
6796
5600
4828
4624
4732
4420
4700
4708
5508
4640
4736
4640
4700
4612
4672
4720
4748
4756
4608
4800
4864
4728
4820
4764
4804
5840
5728
4636
4752
4752
4732
4680
4632
4740
4448
4772
4652
4736
4748
4748
4848
4744
4776
4732
4580
4776
4740
4600
4636
4988
4408
4856
4704
4444
4880
4744
4680
4724
4748
4736
4648
4856
6736
4752
4844
4624
4448
4716
4808
4592
4868
4592
4696
4788
4464
4772
4776
4604
4748
4680
4620
4620
4856
4768
4732
4768
4744
4728
4816
4568
4440
4776
4744
4740
4448
4772
4564
4744
4700
4772
4660
4440
4704
5664
4840
4872
4460
4596
4456
4724
4716
4628
4768
4808
4604
4448
4564
4780
4568
4776
4800
4728
4772
4752
6824
4804
4700
4736
4756
4664
4552
4680
4768
4768
4772
4860
4760
4588
4548
4732
4744
4392
4720
4440
4796
4780
4744
4824
4456
4680
4792
4712
4868
4740
4760
4668
4756
4632
4456
4672
4832
4744
4760
4824
4776
4728
4608
4768
4660
4648
4520
4768
4740
4740
4680
4764
4360
4712
4856
4732
4848
4764
4756
4676
4688
4740
4580
4708
4780
4588
4616
4740
4752
4772
4708
4848
4752
4852
4572
4780
4728
4420
4756
4744
4736
4808
4584
4560
4660
4852
4732
4752
4748
4624
4444
4800
4680
4820
4420
4856
4780
4524
4888
4800
5116
4896
5044
5024
4944
5032
4812
4704
4864
4888
4816
4912
4840
4704
4860
4884
4920
4532
4732
4880
4684
4708
4824
4792
4984
4928
4740
4572
4596
4976
5020
4960
4980
4928
5008
4772
4864
4712
4748
4664
4796
4732
4912
4796
4788
4616
4632
4764
4752
4752
4768
4488
4580
4788
4708
4428
4724
4832
4844
4604
4740
4684
4596
4496
4692
4720
4744
4604
4752
4740
4668
4708
4748
4620
4736
4888
4736
4588
4840
4776
4764
4632
4760
4392
4688
4688
4844
4744
4812
4704
4856
4888
4824
4832
4776
4616
4496
4532
4856
4464
4660
4516
4824
4668
4756
4868
4844
4696
4444
4712
4752
4664
4404
4796
4768
4652
4596
4716
4560
4708
4756
4724
4852
4872
4796
4756
4832
4660
4792
4752
4752
4636
4636
4776
4772
4796
4776
4604
4648
4624
4528
4724
4612
4732
4748
4768
4740
4588
4840
4860
4820
4488
4684
4700
4804
4840
4744
4752
4580
4848
4748
4816
4752
4752
4424
4724
4768
4760
4800
4748
4712
4652
4744
4400
4600
4772
4764
4464
4680
4868
4736
4552
4780
4772
4856
4812
4688
4808
4852
4708
4900
4776
4680
4808
4616
4708
4744
4848
4676
4692
4432
4868
4592
4740
4752
4908
4840
4788
4820
5156
4736
4592
4776
4624
4904
4716
4920
4940
4868
4848
4592
4724
4904
5080
4780
5204
5076
5040
5116
5008
4960
5116
5048
5168
4456
4780
4816
4808
4404
4768
4844
4700
4764
4728
4572
4640
4460
4620
4764
4456
4736
4836
4616
4676
4732
4768
4752
4484
4700
4788
4600
4876
4848
4684
4844
4704
4604
4692
4636
4636
4772
4744
4748
4660
4776
4784
4792
4412
4636
4804
4768
4648
4604
4748
4668
4500
4776
4448
4828
4724
4632
4516
4832
4892
4744
4708
4732
4832
4852
4596
4752
4772
4660
4796
4844
4428
4640
4764
4596
4796
4836
4720
4836
4744
4852
4720
4540
4800
4752
4780
4868
4584
4688
4596
4828
4692
4836
4424
4632
4852
4576
4828
4516
4620
4676
4876
4880
4760
4504
4748
4580
4784
4840
4792
4472
4532
4448
4588
4676
4632
4624
4804
4616
4672
4584
4488
4436
4504
4856
4616
4460
4756
4752
4800
4664
4728
4552
4740
4764
4656
4760
4832
4796
4752
4864
4648
4752
4780
4440
4688
4796
4776
4832
4576
4760
4752
4800
4660
4748
4744
4744
4836
4832
4832
4796
4832
4752
4604
4596
4800
4628
4804
4836
4868
4776
4464
4720
4776
4408
4416
4716
4700
4624
4704
4560
4560
4460
4620
4716
4792
4472
4848
4548
4616
4760
4820
4776
4504
4676
4816
4604
4640
4756
4748
4840
4672
4812
4456
4892
4836
4788
4688
4576
4748
4880
4468
4680
4780
4664
4456
4876
4620
4876
4764
4848
4768
4424
4688
4776
4864
4856
4632
4700
4784
4868
4844
4832
4464
4848
4832
4888
4644
4860
4768
4604
4756
4872
4624
4596
4600
4516
4532
4444
4412
4872
4772
4840
4864
4796
4892
4716
4712
4720
4776
4428
4616
4756
4752
4756
4784
4848
4768
4828
4776
4760
4588
4832
4744
4640
4852
4428
4548
4604
4776
4404
4584
4668
4788
4812
4672
4740
4864
4800
4784
4864
4420
4860
4712
4724
4648
4484
4784
4700
4848
4812
4460
4800
4440
4708
4792
4524
4760
4788
4840
4696
4788
4736
4624
4864
4860
4832
4780
4752
4676
4860
4624
4768
4780
4672
4596
4840
4776
4740
4516
4744
4760
4732
4640
4788
4456
4844
4744
4736
4724
4668
4732
4632
4444
4860
4816
4756
4708
4780
4804
4748
4580
4728
4868
4468
4784
4604
4696
4800
4784
4852
4784
4776
4728
4788
4856
4764
4756
4880
4476
4596
4768
4768
4724
4748
4688
4740
4848
4624
4452
4692
4776
4632
4844
4636
4592
4620
4736
4468
4764
4708
4800
4740
4652
4660
4772
4832
4696
4448
4448
4764
4688
4792
4872
4564
4816
4532
4860
4640
4468
4460
4864
4872
4688
4524
4696
4764
4664
4896
4816
4756
4792
4760
4856
4764
4732
4712
4740
4760
4756
4600
4844
4636
4768
4756
4760
4444
4748
4588
4680
4864
4464
4752
4744
4672
4636
4808
4764
4688
4728
4636
4616
4848
4648
4760
4424
4748
4840
4760
4760
4468
4796
4872
4728
4596
4696
4756
4632
4788
4804
4712
4760
4452
4812
4508
4696
4784
4784
4692
4440
4420
4756
4432
4740
4856
4804
4592
4736
4608
4440
4648
4460
4760
4432
4844
4680
4788
4532
4776
4872
4468
4780
4828
4848
4724
4788
4808
4456
4764
4900
4804
4448
4512
4644
4860
4796
4736
4852
4672
4564
4632
4736
4608
4432
4752
4788
4448
4692
4848
4424
4464
4468
4844
4476
4848
4636
4472
4612
4856
4756
4764
4624
4768
4604
4856
4836
4880
4752
4736
4856
4616
4604
4880
4764
4732
4628
4836
4432
4704
4784
4788
4792
4544
4836
4736
4820
4776
4852
4608
4748
4764
4636
4760
4448
4860
4700
4760
4808
4752
4748
4708
4736
4784
4660
4784
4780
4560
4804
4524
4692
4908
4816
4992
4848
4812
4948
4880
4688
4972
4760
4616
5004
4928
4924
5036
4828
4920
4852
4756
4808
4724
4968
4728
4940
4840
5056
4952
4772
4956
4920
4876
4960
4752
4892
4624
4844
4848
4596
4748
4872
4864
4796
4800
4888
4868
4840
4784
4812
4648
4984
4808
4756
4468
4900
4808
4792
4908
4812
4932
4888
4940
4700
4876
4652
4952
4972
4820
4920
4752
4656
4588
4852
4820
4756
4684
4476
4888
4816
4972
4932
4628
4944
4984
4796
4644
4932
4836
4752
4784
4668
4904
4720
4832
4628
4696
4932
4944
4580
4888
4912
4668
4640
4844
4968
4964
4596
5048
4920
4976
4988
4664
4964
4572
4796
4776
4904
4900
4924
4700
4856
4768
4808
4820
4824
4472
4932
4832
4540
4624
4784
4752
4676
4624
4548
4772
4952
4936
4864
4712
4732
4824
5004
4892
4884
5004
4920
4908
4776
4628
4876
4988
5044
4896
4812
4664
4616
4800
4832
4960
4992
5016
4672
4848
4964
4964
4744
4992
5044
4852
4632
4896
4776
5000
4764
4960
4996
4788
4968
4820
4884
4988
4920
4884
4876
4536
4636
4616
4540
4872
4916
4812
4656
4800
4956
4996
4932
4964
5004
4896
4916
4848
4880
4760
4760
4788
4780
4740
4624
4476
4880
4756
4748
4688
4700
4704
4680
4736
4856
4780
4764
4772
4888
4584
4524
4908
4988
4460
4924
4916
4640
4840
4668
4984
4536
4608
4608
4896
4600
4840
5040
4948
4880
4800
4900
4804
4908
4672
4840
4908
4884
4756
4808
4964
4896
4988
4796
4800
4812
4668
4668
4880
4764
4468
4768
4752
4776
4784
4940
5000
4896
4888
4636
4800
5000
4876
4884
4756
5144
5172
4972
4984
4928
5156
5084
4932
5156
4756
4788
4836
5004
4892
4760
4764
4832
4588
4860
4952
5004
4828
4772
4460
4868
4772
4812
4832
4732
4988
4988
4656
4444
4808
4780
4596
4976
4876
5048
4956
4808
4784
4820
4772
5040
4780
4812
5032
5024
4832
4680
4960
4880
4956
4920
4960
4860
4680
4660
4788
4792
4800
4984
4800
4524
4648
4892
4712
5004
4912
4432
4624
4660
4644
4776
4944
4804
4864
4896
4904
4436
4760
4984
5036
5000
4792
4804
4888
4948
4952
4700
4996
4808
4996
4800
4752
4980
4924
4912
4936
4840
4924
4656
4616
4868
4800
4932
4944
4980
5052
5000
4640
5008
4952
4928
5044
4932
4908
4984
4904
5036
4944
4928
4664
4988
4864
5044
5004
4624
4992
4784
4964
4936
5048
4980
4932
5064
5084
4816
4780
4924
4912
5000
4840
4832
5024
4812
4976
4984
4928
4988
4996
4912
4868
4960
4932
4980
4944
4892
4872
5052
5088
5044
4684
4808
4960
4844
4612
4840
4692
5064
4924
4992
4828
4932
4840
4988
5072
5092
4852
5008
5060
5104
5048
5028
4988
4944
4716
4696
5008
5032
4740
4908
4912
4844
5028
4920
4772
4940
4968
4984
4980
5036
4816
4644
5024
4876
4968
4708
4952
4792
4968
4776
5028
4868
4792
4844
4608
4896
4880
4764
4768
4868
4892
4968
4680
4892
5040
4872
4980
5040
4972
4644
4856
5008
4912
4804
4968
4620
4780
4760
4920
4928
4604
4648
4936
4972
5024
5048
4816
4848
4864
4904
4792
4792
4760
4892
4904
5056
4912
4976
4820
4956
4916
4788
4888
4900
4724
4812
4800
5000
5036
5012
4908
4676
4940
4960
4936
4864
4960
5004
4940
4780
5028
4796
4948
5100
4876
4980
4844
4940
4960
4648
5016
4796
5060
5048
4828
4908
4964
4936
4572
4832
5040
5044
5000
4964
5012
4852
4956
4868
5036
4912
4876
5008
4964
5036
5016
4788
5024
4936
4868
4848
4644
4896
5056
4744
4756
4912
4852
4836
4668
4944
4976
4808
4812
4968
5012
4772
4864
5016
4972
4772
4884
4684
4988
4896
4972
4812
4696
4800
4704
4892
5032
5104
4840
4944
5040
4988
4660
4996
4984
5004
4936
5020
4808
4804
4956
4964
4952
5008
4908
4932
4960
5028
4992
4644
4848
4632
4872
5000
4840
4996
4992
4852
4932
5120
4912
4776
4804
5012
4916
4892
4880
4952
4976
4936
5032
4824
4928
5060
4700
4660
4916
4988
4920
4852
4856
4820
5012
5100
4932
4828
4696
5016
4608
4996
4952
4988
4976
4860
4724
4996
4952
4916
5012
5008
4676
4900
4944
4848
4768
4772
5076
4892
4988
4940
5016
4772
5052
5004
4960
4968
5012
4872
4808
4800
5028
5016
4828
4984
4952
4968
4664
4952
4784
5060
5112
4680
4908
5068
4792
4984
4808
5016
4676
4828
5012
4944
4976
4964
4640
4984
4944
5020
4616
4932
5008
4788
4616
4844
4764
4872
5048
4704
4672
4924
4828
4776
4888
4796
4864
5020
4764
5016
5044
5004
4608
4924
4680
4960
4992
5020
5080
4604
4952
4636
4844
4952
4840
4676
5032
4816
5020
4964
4976
4784
4844
4776
4764
4640
4832
4956
4848
4940
4644
4884
4788
4996
4632
4892
4936
4852
4904
4896
4992
4776
4900
5016
4840
4956
4836
4716
4920
5080
4844
5004
4816
4860
4720
4484
4868
4824
4672
5008
5028
4964
4820
4972
5028
4976
4832
4856
4820
5008
4892
4996
4984
4960
4756
4872
5004
4960
5004
5012
4804
4968
4988
4824
4988
4932
4824
4992
4916
5020
4828
4864
4976
4652
4968
5004
4884
4924
4636
5052
4668
4980
5028
4996
5044
4828
4972
4920
4964
4988
5016
5028
4804
4936
4808
4976
4844
4880
5016
4632
4792
4844
4916
4996
4620
4992
4824
4804
4712
5020
4792
4680
4928
4900
4952
5040
4976
5040
5060
4936
4664
4832
5020
4660
5028
4840
4940
4952
4804
4880
4752
4996
4936
4876
5064
4656
4776
4856
4936
5004
4960
4848
4932
4944
4932
4820
4904
4756
4788
4796
4980
4916
5000
4848
4988
4856
4988
4668
4968
4952
4940
4836
4552
4464
4948
4948
4792
4940
4940
4776
4952
4780
4972
4804
4960
4992
4732
4936
4832
4952
5028
4864
4980
4896
4640
5004
4804
5036
4972
4932
4684
5060
4776
4936
5004
4672
5064
4832
4940
4872
4624
4440
4892
5076
5012
4676
4716
4640
4744
5016
4984
4944
4932
4640
4812
4724
4640
4952
4932
5024
5032
5016
5028
4844
4952
5012
4984
4712
5052
5032
5004
4888
4880
