0.01
0.00
0.00
0.01
0.02
0.01
0.01
0.01
0.00
0.01
0.01
0.02
0.01
0.02
0.01
0.01
0.01
0.02
0.01
0.02
0.02
0.03
0.01
0.00
0.01
0.02
0.03
0.04
0.02
0.02
0.02
0.02
0.01
0.01
0.01
0.01
0.01
0.01
0.03
0.03
0.01
0.02
0.02
0.01
0.00
0.00
0.02
0.00
0.03
0.03
0.00
0.01
0.01
0.01
0.01
0.00
0.01
0.02
0.01
0.01
0.04
0.02
0.01
0.01
0.02
0.01
0.01
0.01
0.01
0.02
0.02
0.02
0.01
0.02
0.01
0.01
0.01
0.01
0.01
0.01
0.01
0.01
0.00
0.01
0.01
0.04
0.01
0.01
0.01
0.00
0.02
0.01
0.02
0.01
0.01
0.00
0.01
0.02
0.02
0.04
0.00
0.01
0.01
0.01
0.01
0.01
0.01
0.01
0.01
0.02
0.01
0.01
0.01
0.01
0.02
0.01
0.01
0.01
0.01
0.01
0.00
0.00
0.00
0.00
0.01
0.01
0.01
0.01
0.01
0.00
0.01
0.01
0.01
0.01
0.01
0.01
0.01
0.02
0.01
0.01
0.01
0.01
0.02
0.02
0.01
0.03
0.01
0.01
0.01
0.01
0.01
0.01
0.02
0.02
0.00
0.00
0.00
0.01
0.01
0.03
0.01
0.01
0.01
0.01
0.01
0.01
0.01
0.01
0.01
0.02
0.02
0.02
0.01
0.01
0.01
0.01
0.01
0.02
0.01
0.01
0.02
0.02
0.01
0.02
0.02
0.00
0.00
0.04
0.01
0.04
0.02
0.01
0.02
0.01
0.00
0.01
0.01
0.01
0.01
0.02
0.01
0.01
0.01
0.01
0.00
0.00
0.02
0.02
0.01
0.01
0.02
0.01
0.01
0.00
0.01
0.01
0.01
0.02
0.01
0.01
0.02
0.02
0.01
0.01
0.01
0.01
0.02
0.03
0.04
0.00
0.01
0.01
0.00
0.02
0.01
0.01
0.00
0.00
0.01
0.01
0.01
0.01
0.01
0.02
0.00
0.02
0.01
0.01
0.02
0.01
0.00
0.01
0.01
0.02
0.01
0.01
0.02
0.01
0.02
0.01
0.00
0.01
0.03
0.01
0.01
0.02
0.01
0.00
0.01
0.01
0.01
0.01
0.01
0.01
0.02
0.02
0.01
0.02
0.01
0.01
0.00
0.04
0.01
0.01
0.02
0.01
0.02
0.02
0.01
0.02
0.02
0.01
0.02
0.01
0.01
0.02
0.01
0.01
0.03
0.02
0.01
0.01
0.01
0.03
0.02
0.01
0.01
0.02
0.01
0.01
0.01
0.01
0.01
0.02
0.01
0.01
0.01
0.02
0.02
0.01
0.00
0.01
0.02
0.00
0.01
0.01
0.02
0.01
0.01
0.01
0.00
0.02
0.01
0.01
0.01
0.01
0.02
0.00
0.01
0.00
0.02
0.00
0.01
0.01
0.01
0.01
0.01
0.00
0.01
0.00
0.01
0.01
0.01
0.01
0.01
0.01
0.01
0.01
0.00
0.01
0.01
0.01
0.01
0.01
0.01
0.01
0.02
0.01
0.01
0.01
0.01
0.01
0.01
0.01
0.01
0.00
0.01
0.01
0.01
0.00
0.01
0.00
0.01
0.00
0.02
0.01
0.00
0.00
0.00
0.01
0.01
0.00
0.02
0.01
0.02
0.01
0.02
0.00
0.00
0.01
0.02
0.01
0.02
0.01
0.01
0.04
0.01
0.00
0.01
0.00
0.01
0.01
0.01
0.02
0.01
0.01
0.01
0.01
0.01
0.01
0.00
0.01
0.01
0.02
0.01
0.01
0.01
0.01
0.00
0.00
0.00
1.63
0.21
0.04
0.03
0.02
0.04
0.04
0.02
0.04
0.05
0.03
0.03
0.02
0.03
0.01
0.05
0.03
0.48
0.42
0.44
0.37
0.36
0.37
0.37
0.31
0.42
0.49
0.30
0.39
0.36
0.31
0.42
0.48
0.43
0.38
0.30
0.34
0.37
0.28
0.53
0.35
0.94
0.41
0.33
0.60
0.51
0.34
0.42
0.49
0.43
0.32
0.51
0.34
0.35
0.34
0.35
0.39
0.35
0.27
0.44
0.48
0.61
0.66
0.74
0.44
0.43
0.37
0.30
0.47
0.53
0.40
0.43
0.33
0.60
0.36
0.45
0.55
0.44
0.44
0.50
0.41
0.53
0.72
0.31
0.40
0.39
0.52
0.41
0.39
0.61
0.46
0.29
0.70
0.37
0.34
0.32
0.55
0.53
0.39
0.69
0.35
0.41
0.43
0.69
0.68
0.35
0.47
0.38
0.48
0.30
0.44
0.44
0.44
0.43
0.40
0.32
0.41
0.34
0.54
0.29
0.43
0.65
0.35
0.46
0.44
0.48
0.41
0.53
0.36
0.52
0.35
0.74
0.41
0.51
0.37
0.34
0.51
0.47
0.74
0.49
0.35
0.34
0.31
0.49
0.55
0.54
0.65
0.38
0.42
0.38
0.37
0.34
0.64
0.47
0.48
0.43
0.41
0.44
0.48
0.48
0.36
0.33
0.50
0.35
0.44
0.32
0.28
0.72
0.40
0.57
0.41
0.43
0.39
0.43
0.42
0.45
0.43
0.45
0.62
0.44
0.37
0.35
0.45
0.64
0.48
0.38
0.37
0.36
0.62
0.44
0.45
0.35
0.66
0.56
0.67
0.31
0.52
0.37
0.42
0.53
0.41
0.42
0.42
0.38
0.49
0.56
0.46
0.64
0.45
0.40
0.40
0.50
0.35
0.48
0.29
0.33
0.43
0.35
0.35
0.52
0.57
0.47
0.48
0.59
0.33
0.36
0.43
0.48
0.26
0.62
0.50
0.73
0.37
0.59
0.34
0.53
0.51
0.43
0.49
0.40
0.31
0.44
0.38
0.52
0.35
0.48
0.36
0.45
0.46
0.47
0.46
0.35
0.43
0.37
0.37
0.35
0.31
0.34
0.34
0.59
0.32
0.43
0.32
0.32
0.43
0.32
0.47
0.42
0.55
0.46
0.40
0.72
0.56
0.45
0.56
0.45
0.49
0.66
0.67
0.37
0.36
0.35
0.50
1.39
0.76
1.50
0.62
0.48
0.71
0.66
0.60
1.33
0.86
1.23
0.69
0.64
0.46
0.84
0.54
0.71
0.43
0.95
0.59
0.71
0.85
0.97
0.64
0.41
0.69
1.13
0.43
0.70
0.76
0.65
0.76
0.54
0.77
0.48
0.67
0.78
0.59
0.82
0.69
0.56
0.53
0.60
0.52
0.48
0.78
0.51
0.78
0.71
0.64
0.53
0.99
0.87
0.82
0.59
0.68
0.69
0.80
0.68
0.40
0.51
1.00
0.67
0.73
0.81
0.78
0.77
0.83
0.68
0.52
0.70
0.56
0.58
0.65
0.94
0.60
0.68
0.81
0.69
0.84
1.12
0.51
0.88
0.65
1.40
1.21
0.88
0.65
0.77
0.74
0.72
0.51
0.55
0.91
0.91
0.75
0.84
0.75
0.50
0.65
0.57
0.60
0.50
1.07
0.68
1.12
0.84
0.46
0.49
0.81
0.25
0.67
0.87
0.57
0.62
0.64
0.56
0.44
0.42
0.64
0.53
0.63
0.23
0.14
0.19
0.21
0.17
0.18
0.10
0.25
0.17
0.16
0.15
0.09
0.15
0.13
0.13
0.19
0.20
0.13
0.13
0.33
0.16
0.15
0.15
0.20
0.14
0.14
0.14
0.15
0.11
0.14
0.13
0.19
0.16
0.16
0.62
0.16
0.19
0.12
0.18
0.18
1.05
0.14
0.19
0.11
0.12
0.65
0.41
2.04
1.69
1.80
2.27
2.23
1.47
1.77
2.34
2.62
2.69
1.44
1.38
1.54
1.60
1.84
2.06
1.75
1.31
1.44
1.61
1.55
2.08
1.72
2.24
1.14
2.27
1.44
1.84
2.54
1.92
2.26
2.91
2.05
2.01
1.98
1.93
1.86
1.97
1.85
1.57
1.68
1.67
1.47
1.91
1.70
1.46
2.33
2.70
1.83
1.80
1.94
1.52
1.81
1.64
1.79
1.75
2.51
1.35
3.16
5.98
3.96
2.17
0.21
0.22
0.23
0.24
0.69
0.32
0.31
0.22
0.39
0.29
0.29
0.24
0.38
0.35
5.02
0.40
3.28
1.83
0.00
0.00
0.00
0.00
0.00
0.00
0.00
0.00
0.00
0.00
0.00
0.00
0.00
0.00
0.00
0.00
0.00
0.00
0.00
0.00
0.00
0.00
0.25
0.39
0.39
0.40
0.33
0.36
0.64
0.35
0.79
0.35
0.71
0.80
1.46
0.73
0.06
0.10
0.07
0.16
0.04
0.21
0.13
0.00
0.01
0.00
0.01
0.10
0.01
0.02
0.13
0.74
0.15
0.02
0.08
0.04
0.03
0.04
0.04
0.03
0.04
0.01
0.04
0.02
0.02
0.02
0.02
0.04
0.07
0.09
0.03
0.04
0.05
0.01
0.01
0.03
0.02
0.01
0.01
0.01
0.04
0.06
0.03
0.03
0.09
0.02
0.03
0.03
0.02
0.02
0.02
0.00
0.00
0.00
0.00
0.00
0.01
0.00
0.03
0.01
0.05
0.03
0.01
0.01
0.02
0.02
0.01
0.01
0.02
0.04
0.19
0.02
0.15
0.04
0.10
0.13
0.21
0.09
0.02
0.01
0.00
0.00
0.00
0.01
0.01
0.02
0.03
0.04
0.02
0.03
0.04
0.05
0.49
0.14
0.00
0.23
0.61
0.22
0.38
2.15
0.75
0.68
1.10
0.53
0.28
0.06
0.02
0.05
0.06
0.09
0.10
0.07
0.01
0.48
0.96
1.15
0.67
1.34
0.16
0.12
0.06
0.15
0.14
2.09
0.06
0.21
0.21
0.10
0.09
0.10
0.15
0.22
0.09
0.59
1.17
1.68
0.44
0.24
1.35
0.37
1.41
0.31
0.23
1.10
0.16
0.07
0.29
0.84
0.64
0.78
1.61
0.67
0.51
0.13
0.13
0.14
0.28
0.14
0.14
0.18
0.16
0.51
0.14
0.15
0.11
0.12
0.22
0.80
0.51
0.13
1.26
0.15
0.15
0.11
0.17
0.58
0.35
0.59
0.60
0.68
0.10
0.49
0.54
0.20
0.68
0.13
0.20
0.70
0.14
0.54
0.12
0.20
1.06
0.71
0.15
0.72
1.01
0.76
0.16
0.03
0.03
0.05
0.06
0.42
0.54
0.35
0.49
0.32
0.26
0.40
0.33
1.28
0.69
0.66
0.40
0.58
0.31
0.88
0.23
0.47
1.01
0.32
0.37
0.66
0.37
0.34
0.39
0.55
0.70
0.62
0.73
0.69
0.51
0.58
0.34
0.88
0.56
1.00
0.54
0.71
0.51
0.34
0.69
0.75
0.58
0.52
1.23
0.25
0.93
1.29
0.68
0.23
0.67
0.39
0.35
0.31
0.72
0.34
0.35
0.27
0.73
0.27
1.19
0.31
0.56
0.63
0.43
0.25
0.67
0.30
0.44
0.45
0.34
1.22
0.50
0.77
0.23
0.67
0.34
0.25
0.32
0.38
0.27
0.29
0.39
0.51
0.28
0.45
0.35
0.20
0.27
0.24
0.27
0.20
0.38
0.23
0.35
0.59
0.63
0.34
0.43
0.31
0.64
0.43
0.51
0.69
0.64
0.25
0.31
0.31
0.27
0.72
1.09
0.70
0.94
0.56
0.53
0.73
0.26
0.63
0.58
0.90
0.29
0.58
0.44
0.48
0.42
0.68
1.13
0.42
0.35
0.29
0.28
0.48
0.37
2.22
0.00
0.00
0.00
0.00
0.00
0.00
0.00
0.00
0.00
0.00
0.00
0.00
0.00
0.00
0.00
0.00
0.00
0.00
0.00
0.00
0.00
0.00
0.00
0.00
0.00
0.00
0.00
0.00
0.00
0.00
0.00
0.00
0.00
0.00
0.00
0.00
0.00
0.00
0.00
0.00
0.00
0.00
0.00
0.00
0.00
0.00
0.00
0.00
0.00
0.00
0.00
0.00
0.00
0.00
0.00
0.00
0.00
0.00
0.00
0.00
0.00
0.00
0.00
0.00
0.00
0.00
0.00
0.00
0.00
0.00
0.00
0.00
0.00
0.00
0.00
0.00
0.00
0.00
0.00
0.00
0.00
0.00
0.00
0.00
0.00
0.00
0.00
0.00
0.00
0.00
0.00
0.00
0.00
0.00
0.00
0.00
0.00
0.00
0.00
0.00
0.00
0.00
0.00
0.00
0.00
0.00
0.00
0.00
0.00
0.00
0.00
0.00
0.00
0.00
0.00
0.00
0.00
0.00
0.00
0.00
0.00
0.00
0.00
0.00
0.00
0.00
0.00
0.00
0.00
2.17
0.00
0.00
0.00
0.00
0.00
0.00
0.00
0.00
0.00
0.00
0.00
0.00
0.00
0.00
0.00
0.00
0.00
0.00
0.00
0.00
0.00
0.00
0.00
0.00
0.00
0.00
0.00
0.00
0.00
0.00
0.00
0.00
0.00
0.00
0.00
0.00
0.00
0.00
0.00
0.00
0.00
0.00
0.00
0.00
0.00
0.00
0.00
0.00
0.00
0.00
0.00
0.00
0.00
0.00
0.00
0.00
0.00
0.00
0.00
0.00
0.00
0.00
0.00
0.00
0.00
0.00
0.00
0.00
0.00
0.00
0.00
0.00
0.00
0.00
0.00
0.00
0.00
0.00
1.69
0.00
0.00
0.00
0.00
0.00
0.00
0.00
0.00
0.00
0.00
0.00
0.00
0.00
0.00
0.00
0.00
0.00
0.00
0.00
0.00
0.00
0.00
0.00
0.00
0.00
0.00
0.00
0.00
0.00
0.00
0.00
0.00
0.00
0.00
0.00
0.00
0.00
0.00
0.00
0.00
0.00
0.00
0.00
0.00
0.00
0.00
0.00
0.00
0.00
0.00
0.00
0.00
0.00
0.00
0.00
0.00
0.16
0.00
0.00
0.00
0.00
0.00
0.00
0.33
0.00
2.18
0.44
0.00
0.00
0.00
0.00
0.00
0.00
0.00
0.00
0.00
0.00
0.00
0.00
1.90
0.00
0.00
1.46
0.62
0.00
0.00
0.00
0.00
0.00
0.00
0.43
0.00
0.00
0.00
0.00
0.00
0.00
0.00
0.00
0.00
0.00
0.00
0.00
0.00
0.00
0.00
0.00
0.61
0.55
0.00
0.00
0.00
0.00
0.00
0.00
0.00
0.00
0.00
0.00
0.00
0.00
0.00
0.00
0.00
0.00
0.00
0.00
0.00
0.00
0.00
0.00
0.01
0.00
0.01
0.00
0.00
0.00
0.00
0.00
0.00
0.00
0.00
0.00
0.00
1.56
0.00
0.00
0.00
0.00
0.00
0.00
0.00
0.00
0.00
0.00
0.00
0.00
0.00
0.00
0.00
0.00
0.00
0.00
0.00
0.00
0.00
0.00
0.00
0.00
0.00
0.00
0.00
0.00
0.00
0.00
0.00
0.00
0.00
0.00
0.00
0.00
0.00
0.00
0.00
0.00
0.40
0.00
0.00
0.00
0.00
0.00
0.00
0.00
0.00
0.00
0.00
0.00
0.00
0.00
0.00
0.00
0.00
0.00
0.00
0.00
0.00
1.64
0.00
0.00
0.00
0.00
0.00
0.00
0.00
0.00
0.00
0.00
0.00
0.00
0.00
0.00
0.00
0.00
0.00
0.00
0.00
0.00
0.00
0.00
0.00
0.00
0.00
0.00
0.00
0.00
0.00
0.00
0.00
0.00
0.00
0.00
0.00
0.00
0.00
0.00
0.00
0.00
0.00
0.00
0.00
0.00
0.00
0.00
0.00
0.00
0.00
0.00
0.00
0.00
0.00
0.00
0.00
0.00
0.00
0.00
0.00
0.00
0.00
0.00
0.00
0.00
0.00
0.00
0.00
0.00
0.00
0.00
0.00
0.00
0.00
0.00
0.00
0.00
0.00
0.00
0.00
0.00
0.00
0.00
0.00
0.00
0.00
0.00
0.00
0.00
0.00
0.00
0.00
0.00
0.00
0.00
0.00
0.00
0.00
0.00
0.00
0.05
0.02
0.03
0.05
0.04
0.03
0.00
0.00
0.00
0.00
0.00
0.00
0.00
0.00
0.00
0.00
0.00
0.00
0.00
0.00
0.00
0.00
0.00
0.00
0.00
0.00
0.01
0.00
0.00
0.01
0.01
0.01
0.02
0.01
0.01
0.00
0.00
0.00
0.00
0.00
0.00
0.00
0.01
0.00
0.00
0.00
0.00
0.00
0.00
0.00
0.00
0.00
0.00
0.00
0.00
0.00
0.00
0.00
0.00
0.00
0.00
0.00
0.00
0.00
0.00
0.00
0.00
0.00
0.00
0.00
0.00
0.00
0.00
0.00
0.00
0.00
0.00
0.00
0.00
0.00
0.00
0.00
0.00
0.00
0.00
0.00
0.00
0.00
0.00
0.00
0.00
0.00
0.00
0.00
0.00
0.00
0.00
0.00
0.00
0.00
0.00
0.00
0.00
0.00
0.00
0.00
0.00
0.00
0.00
0.00
0.00
0.00
0.00
0.00
0.00
0.00
0.00
0.00
0.00
0.00
0.00
0.00
0.00
0.00
0.00
0.00
0.00
0.00
0.00
0.00
0.00
0.00
0.00
0.00
0.00
0.00
0.00
0.00
0.00
0.00
0.00
0.00
0.00
0.00
0.00
0.00
0.00
0.00
0.00
0.00
0.00
0.00
0.00
0.00
0.00
0.00
0.00
0.00
0.00
0.00
0.00
0.00
0.00
0.00
0.00
0.00
0.00
0.00
0.00
0.00
0.00
0.00
0.00
0.00
0.00
0.00
0.00
0.00
0.00
0.00
0.00
0.00
0.00
0.00
0.00
0.00
0.00
0.00
0.00
0.00
0.00
0.00
0.00
0.00
0.00
0.00
0.00
0.00
0.00
0.00
0.00
0.00
0.00
0.00
0.00
0.00
0.02
0.03
0.06
0.04
0.00
0.00
0.00
0.00
0.00
0.00
0.00
0.00
0.00
0.00
0.00
0.00
0.03
0.03
0.05
0.05
0.05
0.05
0.07
0.06
0.04
0.05
0.06
0.07
0.00
0.00
0.00
0.00
0.00
0.00
0.00
0.00
0.00
0.00
0.00
0.00
0.00
0.00
0.00
0.00
0.00
0.00
0.00
0.00
0.00
0.00
0.00
0.00
0.00
0.00
0.00
0.00
0.00
0.00
0.00
0.00
0.00
0.00
0.00
0.00
0.00
0.00
0.00
0.00
0.00
0.00
0.00
0.00
0.00
0.00
0.00
0.00
0.00
0.00
0.00
0.00
0.00
0.00
0.00
0.00
0.00
0.00
0.00
0.00
0.00
0.00
0.00
0.00
0.00
0.00
0.00
0.00
0.00
0.00
0.00
0.00
0.00
0.00
0.00
0.00
0.00
0.00
0.00
0.00
0.00
0.00
0.00
0.00
0.00
0.00
0.00
0.00
0.00
0.00
0.00
0.00
0.00
0.00
0.00
0.00
0.00
0.00
0.00
0.00
0.00
0.00
0.00
0.00
0.00
0.00
0.00
0.00
0.00
0.00
0.00
0.00
0.00
0.00
0.00
0.00
0.00
0.00
0.00
0.00
0.00
0.00
0.00
0.00
0.00
0.00
0.00
0.00
0.00
0.00
0.00
0.00
0.00
0.00
0.00
0.00
0.00
0.00
0.00
0.00
0.00
0.00
0.00
0.00
0.00
0.00
0.00
0.00
0.00
0.00
0.00
0.00
0.00
0.00
0.00
0.00
0.00
0.00
0.00
0.00
0.00
0.00
0.00
0.00
0.00
0.00
0.00
0.00
0.00
0.00
0.00
0.00
0.00
0.00
0.00
0.00
0.00
0.00
0.00
0.00
0.00
0.00
0.00
0.00
0.00
0.00
0.00
0.00
0.00
0.00
0.00
0.00
0.00
0.00
0.00
0.00
0.00
0.00
0.00
0.00
0.00
0.00
0.00
0.00
0.00
0.00
0.00
0.00
0.00
0.00
0.00
0.00
0.00
0.00
0.00
0.00
0.00
0.00
0.00
0.00
0.00
0.00
0.00
0.00
0.00
0.00
0.00
0.00
0.00
0.00
0.00
0.00
0.00
0.00
0.00
0.00
0.00
0.00
0.00
0.00
0.00
0.00
0.00
0.00
0.00
0.00
0.00
0.00
0.00
0.00
0.00
0.00
0.00
0.00
0.00
0.00
0.00
0.00
0.00
0.00
0.00
0.00
0.00
0.00
0.00
0.00
0.00
0.00
0.00
0.00
0.00
0.00
0.00
0.00
0.00
0.00
0.00
0.00
0.00
0.00
0.00
0.00
0.00
0.00
0.00
0.00
0.00
0.00
0.00
0.00
0.00
0.00
0.00
0.00
0.00
0.00
0.00
0.00
0.00
0.00
0.00
0.00
0.00
0.00
0.00
0.00
0.00
0.00
0.00
0.00
0.00
0.00
0.00
0.00
0.00
0.00
0.00
0.00
0.00
0.00
0.00
0.00
0.00
0.00
0.00
0.00
0.00
0.00
0.00
0.00
0.00
0.00
0.00
0.00
0.00
0.00
0.00
0.00
0.00
0.00
0.00
0.00
0.00
0.00
0.00
0.00
0.00
0.00
0.00
0.00
0.00
0.00
0.00
0.00
0.00
0.00
0.00
0.00
0.00
0.00
0.00
0.00
0.00
0.00
0.00
0.00
0.00
0.00
0.00
0.00
0.00
0.00
0.00
0.00
0.00
0.00
0.00
0.00
0.00
0.00
0.00
0.00
0.00
0.00
0.00
0.00
0.00
0.00
0.00
0.00
0.00
0.00
0.00
0.00
0.00
0.00
0.00
0.00
0.00
0.00
0.00
0.00
0.00
0.00
0.00
0.00
0.00
0.00
0.00
0.00
0.00
0.00
0.00
0.00
0.00
0.00
0.00
0.00
0.00
0.00
0.00
0.00
0.00
0.00
0.00
0.00
0.00
0.00
0.00
0.00
0.00
0.00
0.00
0.00
0.00
0.00
0.00
0.00
0.00
0.00
0.00
0.00
0.00
0.00
0.00
0.00
0.00
0.00
0.00
0.00
0.00
0.00
0.00
0.00
0.00
0.00
0.00
0.00
0.00
0.00
0.00
0.00
0.00
0.00
0.00
0.00
0.00
0.00
0.00
0.00
0.00
0.00
0.00
0.00
0.00
0.00
0.00
0.00
0.00
0.00
0.00
0.00
0.00
0.00
0.00
0.00
0.00
0.00
0.00
0.00
0.00
0.00
0.00
0.00
0.00
0.00
0.00
0.00
0.00
0.00
0.00
0.00
0.00
0.00
0.00
0.00
0.00
0.00
0.00
0.00
0.00
0.00
0.00
0.00
0.00
0.00
0.00
0.00
0.00
0.00
0.00
0.00
0.00
0.00
0.00
0.00
0.00
0.00
0.00
0.00
0.00
0.00
0.00
0.00
0.00
0.00
0.00
0.00
0.00
0.00
0.00
0.00
0.00
0.00
0.00
0.00
0.00
0.00
0.00
0.00
0.00
0.00
0.00
0.00
0.00
0.00
0.00
0.00
0.00
0.00
0.00
0.00
0.00
0.00
0.00
0.00
0.00
0.00
0.00
0.00
0.00
0.00
0.00
0.00
0.00
0.00
0.00
0.00
0.00
0.00
0.00
0.00
0.00
0.00
0.00
0.00
0.00
0.00
0.00
0.00
0.00
0.01
0.01
0.00
0.00
0.01
0.00
0.00
0.01
0.00
0.01
0.01
0.01
0.01
0.01
0.01
0.01
0.00
0.01
0.00
0.00
0.01
0.00
0.00
0.01
0.01
0.00
0.00
0.01
0.00
0.01
0.01
0.01
0.00
0.01
0.00
0.00
0.00
0.00
0.00
0.00
0.00
0.00
0.00
0.00
0.01
0.00
0.00
0.01
0.01
0.00
0.00
0.00
0.00
0.01
0.01
0.01
0.01
0.01
0.01
0.01
0.00
0.00
0.01
0.04
0.02
0.00
0.01
0.00
0.00
0.00
0.00
0.01
0.01
0.00
0.00
0.00
0.00
0.01
0.01
0.00
0.00
0.00
0.01
0.01
0.02
0.00
0.00
0.00
0.00
0.00
0.00
0.00
0.01
0.00
0.01
0.01
0.00
0.00
0.00
0.00
0.00
0.01
0.01
0.01
0.00
0.02
0.00
0.00
0.01
0.01
0.01
0.00
0.01
0.00
0.01
0.00
0.00
0.02
0.02
0.00
0.00
0.01
0.01
0.00
0.01
0.00
0.00
0.01
0.00
0.00
0.00
0.00
0.00
0.01
0.01
0.01
0.00
0.00
0.00
0.01
0.01
0.01
0.01
0.02
0.01
0.01
0.00
0.00
0.00
0.06
0.02
0.02
0.00
0.00
0.00
0.00
0.00
0.01
0.00
0.02
0.00
0.01
0.00
0.01
0.01
0.01
0.01
0.01
0.01
0.01
0.00
0.02
0.01
0.00
0.01
0.01
0.01
0.02
0.01
0.00
0.01
0.00
0.00
0.00
0.00
0.00
0.00
0.01
0.01
0.01
0.00
0.01
0.01
0.01
0.01
0.01
0.01
0.01
0.01
0.00
0.01
0.01
0.00
0.00
0.00
0.00
0.00
0.00
0.00
0.00
0.00
0.00
0.00
0.00
0.00
0.00
0.00
0.00
0.01
0.00
0.01
0.00
0.00
0.00
0.01
0.00
0.00
0.01
0.01
0.01
0.01
0.01
0.00
0.00
0.00
0.00
0.00
0.01
0.01
0.01
0.00
0.00
0.01
0.01
0.01
0.01
0.00
0.01
0.01
0.01
0.01
0.01
0.00
0.01
0.01
0.01
0.00
0.01
0.00
0.00
0.00
0.00
0.00
0.00
0.00
0.01
0.02
0.02
0.01
0.00
0.01
0.01
0.01
0.00
0.00
0.00
0.06
0.06
0.05
0.03
0.04
0.11
0.05
0.04
0.05
0.00
0.00
0.01
0.01
0.01
0.00
0.00
0.00
0.00
0.00
0.01
0.00
0.00
0.00
0.00
0.00
0.00
0.00
0.00
0.00
0.01
0.01
0.01
0.00
0.00
0.00
0.00
0.01
0.01
0.01
0.01
0.01
0.00
0.01
0.01
0.01
0.00
0.00
0.01
0.01
0.00
0.00
0.01
0.00
0.01
0.00
0.00
0.01
0.01
0.00
0.01
0.00
0.01
0.00
0.00
0.00
0.00
0.00
0.00
0.01
0.01
0.00
0.00
0.00
0.00
0.00
0.02
0.00
0.00
0.00
0.00
0.00
0.01
0.01
0.02
0.01
0.00
0.00
0.00
0.00
0.04
0.00
0.05
0.01
0.01
0.01
0.00
0.02
0.01
0.01
0.02
0.02
0.01
0.01
0.01
0.01
0.01
0.00
0.01
0.01
0.02
0.02
0.01
0.01
0.00
0.01
0.01
0.03
0.01
0.02
0.02
0.01
0.00
0.00
0.01
0.02
0.02
0.02
0.01
0.01
0.02
0.01
0.01
0.01
0.01
0.01
0.03
0.04
0.03
0.02
0.01
0.01
0.01
0.04
0.02
0.03
0.03
0.01
0.03
0.02
0.01
0.01
0.02
0.00
0.01
0.01
0.01
0.01
0.01
0.02
0.01
0.01
0.02
0.01
0.02
0.01
0.01
0.01
0.01
0.01
0.02
0.01
0.01
0.01
0.02
0.02
0.01
0.01
0.03
0.02
0.02
0.04
0.04
0.03
0.04
0.01
0.02
0.02
0.03
0.03
0.01
0.01
0.01
0.01
0.01
0.02
0.02
0.01
0.01
0.01
0.01
0.02
0.02
0.01
0.01
0.01
0.03
0.03
0.01
0.02
0.02
0.01
0.03
0.04
0.02
0.02
0.01
0.00
0.01
0.00
0.01
0.00
0.05
0.00
0.00
0.01
0.01
0.01
0.02
0.01
0.02
0.02
0.01
0.01
0.01
0.02
0.01
0.02
0.02
0.01
0.01
0.00
0.01
0.01
0.00
0.01
0.01
0.01
0.02
0.02
0.01
0.01
0.01
0.00
0.00
0.00
0.00
0.01
0.00
0.01
0.01
0.02
0.01
0.01
0.01
0.00
0.00
0.02
0.00
0.00
0.01
0.01
0.01
0.01
0.00
0.02
0.01
0.02
0.00
0.01
0.01
0.01
0.02
0.01
0.01
0.01
0.02
0.05
0.02
0.02
0.02
0.01
0.01
0.02
0.01
0.02
0.02
0.01
0.01
0.01
0.02
0.01
0.01
0.01
0.02
0.02
0.02
0.03
0.02
0.02
0.01
0.03
0.01
0.01
0.01
0.01
0.01
0.01
0.02
0.01
0.01
0.02
0.01
0.00
0.01
0.01
0.02
0.00
0.00
0.01
0.01
0.01
0.00
0.01
0.01
0.01
0.01
0.01
0.02
0.01
0.01
0.02
0.01
0.01
0.02
0.01
0.01
0.01
0.00
0.01
0.01
0.00
0.02
0.02
0.02
0.03
0.01
0.01
0.02
0.02
0.01
0.00
0.02
0.01
0.01
0.01
0.01
0.01
0.01
0.02
0.02
0.01
0.00
0.01
0.01
0.01
0.02
0.01
0.02
0.00
0.00
0.02
0.01
0.02
0.01
0.01
0.01
0.04
0.01
0.01
0.01
0.02
0.01
0.01
0.01
0.02
0.01
0.01
0.03
0.01
0.01
0.03
0.02
0.01
0.00
0.01
0.03
0.02
0.04
0.01
0.02
0.02
0.01
0.01
0.01
0.01
0.00
0.02
0.00
0.01
0.02
0.02
0.03
0.02
0.01
0.01
0.02
0.01
0.01
0.01
0.03
0.02
0.01
0.01
0.02
0.02
0.02
0.01
0.01
0.01
0.02
0.02
0.01
0.01
0.01
0.02
0.01
0.01
0.01
0.01
0.01
0.02
0.01
0.01
0.01
0.02
0.01
0.04
0.03
0.01
0.01
0.03
0.01
0.02
0.01
0.03
0.02
0.00
0.01
0.01
0.01
0.01
0.01
0.01
0.04
0.02
0.01
0.03
0.02
0.01
0.00
0.00
0.01
0.00
0.01
0.01
0.01
0.01
0.01
0.00
0.01
0.01
0.01
0.01
0.01
0.02
0.01
0.02
0.01
0.01
0.01
0.02
0.01
0.02
0.02
0.01
0.01
0.02
0.03
0.01
0.02
0.02
0.01
0.01
0.02
0.02
0.02
0.01
0.00
0.00
0.00
0.00
0.01
0.01
0.00
0.02
0.01
0.01
0.01
0.01
0.00
0.01
0.01
0.01
0.00
0.00
0.01
0.00
0.00
0.01
0.02
0.01
0.01
0.02
0.02
0.02
0.01
0.02
0.02
0.02
0.02
0.00
0.01
0.01
0.01
0.01
0.02
0.01
0.01
0.02
0.01
0.01
0.01
0.01
0.02
0.01
0.00
0.01
0.01
0.01
0.01
0.00
0.02
0.02
0.02
0.01
0.01
0.01
0.03
0.01
0.02
0.01
0.01
0.01
0.02
0.01
0.01
0.01
0.02
0.02
0.01
0.02
0.02
0.01
0.01
0.02
0.01
0.03
0.04
0.01
0.01
0.01
0.01
0.01
0.02
0.02
0.01
0.02
0.02
0.01
0.01
0.02
0.01
0.01
0.02
0.02
0.00
0.01
0.00
0.02
0.00
0.02
0.00
0.01
0.02
0.03
0.01
0.01
0.01
0.01
0.02
0.02
0.00
0.01
0.02
0.01
0.01
0.01
0.02
0.01
0.01
0.01
0.00
0.00
0.01
0.01
0.00
0.02
0.01
0.01
0.03
0.01
0.01
0.01
0.00
0.03
0.01
0.01
0.01
0.01
0.01
0.01
0.01
0.00
0.00
0.01
0.01
0.01
0.02
0.00
0.01
0.00
0.01
0.01
0.01
0.01
0.00
0.02
0.00
0.00
0.01
0.01
0.01
0.00
0.01
0.01
0.01
0.01
0.01
0.01
0.01
0.02
0.02
0.02
0.01
0.01
0.01
0.00
0.01
0.00
0.00
0.03
0.01
0.01
0.01
0.01
0.00
0.03
0.01
0.01
0.01
0.02
0.01
0.00
0.01
0.00
0.00
0.00
0.00
0.02
0.02
0.01
0.02
0.01
0.00
0.02
0.02
0.01
0.02
0.02
0.01
0.01
0.00
0.00
0.01
0.03
0.02
0.03
0.02
0.01
0.01
0.02
0.01
0.02
0.02
0.02
0.02
0.03
0.01
