4964
4872
4932
4724
4880
5048
4812
4808
5016
5088
4972
4768
4984
5124
5136
5152
5060
4836
4980
4952
4928
4848
5068
4720
5224
5112
5120
5164
4852
5220
5000
5168
5076
4692
4812
5040
5092
5120
5108
5184
5128
4892
5148
4944
5020
5140
5160
4916
5160
5108
4664
5144
5168
5140
5072
5028
4784
4800
5096
4776
5040
5024
5040
4740
5120
5076
5028
5004
5180
5068
4796
5076
5060
5244
4980
5080
4928
5056
5096
5084
5184
5032
5044
5040
4980
5124
5052
4856
4968
4904
4928
4924
4712
5004
4992
4748
5072
5196
5276
5192
4872
5104
4952
4940
4832
5120
4964
5012
5104
5136
5084
4888
5116
4976
4928
5140
5052
4776
4848
5052
4908
5044
4972
4888
4976
5124
5008
4732
5032
5028
4964
5100
5060
4880
5044
5048
5148
5112
5152
5144
5016
5084
5208
5152
4932
5100
5108
5060
5088
4948
5168
5108
5088
5188
5036
4728
4984
4940
4932
5152
5060
5020
5036
4800
5032
4900
5056
5116
5040
5104
5020
5000
4928
5056
5012
4956
5020
5060
4772
5044
5032
5256
5124
5048
5096
5032
5012
5136
5088
4972
5044
4872
5200
5008
5020
4800
5060
5000
5060
4824
5048
5008
5124
5076
4984
5008
5048
5200
5064
5032
5064
4748
4944
4996
4816
5060
4824
5216
4940
5080
5100
5008
5084
4900
5056
5048
4992
5112
4836
5124
5128
4804
4800
5032
4960
4948
4756
4808
5044
4924
4832
5036
4980
5024
4920
5256
4980
5056
5140
5088
5012
5196
4704
4780
5104
5064
5048
5080
5080
5032
5100
5004
4868
4920
5016
4936
4920
4884
5052
5092
5036
4988
5132
5044
5104
5092
5072
4772
4876
5000
5040
5044
5012
5076
5140
5060
4920
5180
5148
4996
5136
5040
5200
5124
5080
5084
5152
5096
5024
5112
5148
5176
4816
5136
5216
5144
4864
5104
5108
5004
5156
4948
4972
5108
4964
5052
4980
5212
5180
5084
5096
4796
5140
4992
5104
5120
4988
4828
5000
4960
4984
5160
4960
4960
5160
5028
5120
4840
4764
4916
4952
4772
5068
4956
5136
5116
4988
4932
5100
5024
4724
4772
4912
4756
4760
5104
4976
4756
4924
5108
4748
4712
4764
5032
5112
5020
5092
5036
5120
5016
5152
5056
4916
4940
4964
5024
4952
5112
4712
4940
5112
5092
5060
5072
4908
5052
4996
4828
4728
5040
5084
5060
5044
4932
5088
5016
5104
4976
5080
5120
5132
4972
5116
4776
4740
5000
4984
5024
5012
4824
5072
4968
5056
4984
4784
5000
4780
5140
5088
4668
4988
4740
5020
4904
5036
5076
4944
5096
4852
4992
5036
7884
5324
5152
5284
5200
5308
5176
5232
5212
5192
5268
5060
5168
4980
5124
5192
5080
6720
6628
6324
6368
6496
6660
6556
6484
6584
6656
6508
6456
6776
6556
6540
6644
6580
6588
6448
6696
6640
6572
6732
6752
6992
6656
6468
6668
6900
6432
6896
7076
6532
6568
6580
6432
6524
6432
6744
6540
6492
6424
6556
6584
6460
6520
6448
6684
6132
6464
6600
6252
6736
6820
6668
6444
6696
6496
6536
6504
6760
6668
6492
6504
6540
6596
6488
6500
6724
6736
6704
6756
6496
6732
6456
6748
6492
6608
6500
6784
6616
6760
6488
6884
6244
6716
6640
6736
6496
6396
6404
6540
6464
6468
6516
6728
6848
6628
6532
6472
6580
6736
6632
6736
6736
6404
6468
6340
6628
6540
6472
6580
6684
6616
6764
6532
6752
6312
6416
6456
6688
6520
6740
6540
6676
6532
6492
6308
6900
6912
6612
6660
6100
6424
6832
6748
6960
6960
6656
6756
6904
6464
6684
6788
6424
6472
6616
6364
6648
5868
6456
6572
6500
6772
6636
6556
6632
6444
6388
6556
6552
6304
6728
6556
6528
6432
6420
6832
6764
6948
6720
6620
6700
6876
6892
6536
6688
6644
6740
6552
6544
6896
6808
6768
6872
6780
6764
6668
6564
6840
6864
6576
6548
6868
6460
6804
6844
6696
6252
6908
6752
6164
6416
6976
6816
6876
6584
6796
6736
6804
6840
6868
6780
6692
6828
6712
6772
6644
6640
6776
6992
6992
6644
6904
6972
6892
6524
6400
6552
6584
6716
6448
6464
6584
6424
6404
6604
6696
6620
6460
6644
6128
6484
6280
6492
6480
6384
6512
6492
6528
6080
6552
6660
6540
6612
6052
6516
6628
6576
6592
6236
6508
6476
6436
6360
6668
8008
6964
7076
6912
7008
6924
6880
6996
6772
7024
6896
6900
6728
6788
6928
6620
7124
6720
7064
7296
6940
6948
6948
6908
6876
6788
6640
6856
6908
6816
6996
7092
7108
6868
6872
6856
7332
7024
7288
7052
6972
6808
7224
6920
7172
7136
7116
6988
6796
6988
6856
7112
7100
7192
6956
7304
7052
8076
6876
6616
6824
7188
6988
6956
6840
7200
7564
6744
6748
7112
7432
7104
6784
6996
7092
7216
7140
6876
7076
7192
7448
6736
6996
6764
7148
7372
7580
6828
6748
7020
7232
7372
6680
7008
6928
6820
6780
6964
6932
6964
6972
6840
7060
8228
6640
8144
6992
6532
6936
6784
6240
7456
7124
6836
7036
6956
6940
6968
5916
7308
7168
7080
5500
5592
5672
5584
5528
5580
5320
5916
5460
5424
5524
5532
5512
5588
5704
5608
5484
5704
5564
5704
5676
5492
5672
5640
5568
5668
5644
5664
5620
5676
5436
5728
5640
5308
6876
5596
5288
5488
5584
5556
6856
5540
5612
5640
5684
7592
6584
10540
10288
10332
11772
10408
10592
9900
9828
10144
9932
10252
10304
10636
10408
10424
10044
9908
9912
9916
10344
9616
10032
9992
10496
10416
10456
10036
9904
9952
10064
10468
10164
10228
10468
10048
9960
11408
11488
9900
10396
10216
10532
9852
9948
9376
9280
11904
10000
10340
11452
10624
11568
9632
9576
8296
10552
12884
12924
13080
12352
13492
12100
5716
5740
5384
5684
6652
6148
5852
5648
5836
6132
5876
5876
6388
6104
12180
6280
12252
10056
4908
4860
4936
4608
4736
4564
4724
4720
4812
4840
4568
4884
4912
4840
4580
4856
4712
4924
4772
4576
4844
4800
5616
6996
6384
6308
6556
6396
6584
6824
6692
6536
6560
7084
8984
7048
5384
5388
5072
5592
4960
5624
5880
4976
5180
4936
4648
5248
4912
5140
5692
6472
5660
5100
5160
5308
5244
5080
5344
5152
5240
4840
5192
5128
5052
5128
5084
5280
5232
5192
5196
5316
5320
4928
5016
5288
4916
4888
5040
5068
5172
5116
4912
5176
5324
5128
5088
5168
5180
5180
5128
5080
4928
4988
4960
4856
4992
5048
5164
5208
5352
4876
5144
5012
5116
5168
5188
5092
5148
4984
5944
5100
5596
5192
5504
5852
5936
5296
5212
4800
4936
4968
4916
5048
4988
5204
5104
5028
5232
4876
5060
5272
6016
5492
4732
5536
6600
5900
6172
7988
6640
6064
7176
5796
5688
5260
5140
5340
5220
5280
5100
5260
5124
6096
6592
7956
7372
8012
5368
5484
5244
5612
5540
8352
5476
5732
5712
5384
5592
5204
5508
5848
5392
6532
7008
8120
6540
5696
8432
6292
8204
5720
5684
8116
5708
5352
5624
6988
7124
7204
8968
7192
6348
5332
5668
5672
5684
5624
5596
5584
5608
6036
5716
5712
5516
5580
6000
6156
6224
5764
7784
5520
5652
5332
5572
7252
5752
6860
6556
7296
5596
6612
6188
5632
6448
5460
5868
6564
5540
6484
5604
5620
7432
6592
5368
7552
6456
6440
5760
5232
5264
5236
5200
6668
6356
6360
6364
6528
6228
6404
6740
7080
7152
7076
6412
6940
6280
6952
6168
7008
7020
6268
5856
6972
6580
6144
6360
6868
6880
6860
7116
6900
6812
7000
6260
7068
7044
7004
7008
6944
7052
6108
7088
6988
7188
6756
6944
6196
6948
6988
6352
5940
6856
6220
6216
6100
6972
6304
5948
6084
6936
6132
7000
6208
6908
7208
6304
6388
6900
6468
6056
6264
6356
6760
7016
6996
6196
6924
6176
5676
6012
5840
5816
5948
5868
7052
6012
5836
6032
5928
5916
5916
5924
5680
6204
6012
6408
7112
6748
6144
6400
6064
7044
6412
7032
6892
7088
6308
6156
6108
6192
7052
6920
7328
7124
6888
6908
6988
6088
6860
6996
7104
6000
6820
6404
6892
6792
6856
6796
6312
6048
6400
5932
5912
6084
10244
4844
4732
4792
4540
4804
4848
4864
4572
4920
4672
4720
4708
4880
4904
4732
4908
4544
4576
4824
4884
4896
4828
4856
4940
4688
4716
4592
4588
4900
4908
4936
4896
4544
4584
4900
4824
4604
4800
4700
4940
4704
4820
4892
4584
4728
4904
4848
4896
4832
4944
4912
4912
4828
4884
4800
4832
4736
4900
4844
4860
4888
4804
4584
4924
4592
4828
4820
4912
4944
4940
4776
4916
4900
4896
4748
4520
4752
4868
4552
4936
4728
4828
4952
4760
4760
4720
4736
4848
4772
4892
4592
4924
4788
4800
4868
4900
4824
4912
4844
4916
4832
4900
4752
4832
4748
4924
4708
4852
4692
4800
4740
4788
4792
4828
4684
4684
4568
4612
4700
4740
4728
4740
4740
4544
4784
4724
4660
4772
4744
10400
4768
4732
4592
4716
4764
4652
4872
4600
4760
4728
4576
4748
4440
4708
4724
4728
4820
4752
4860
4852
4776
4432
4432
4736
4616
4456
4588
4756
4540
4864
4788
4708
4760
4632
4836
4820
4744
4700
4620
4788
4664
4640
4684
4568
4836
4660
4644
4432
4444
4688
4624
4680
4692
4848
4736
4784
4620
4744
4524
4832
4756
4720
4684
4796
4724
4488
4724
4396
4576
4488
4600
4596
4396
4616
4644
4676
4752
4688
10048
4572
4748
4736
4828
4684
4884
4804
4780
4732
4728
4880
4748
4764
4744
4388
4752
4764
4732
4664
4756
4412
4664
4740
4736
4692
4756
4872
4860
4684
4740
4864
4680
4816
4704
4772
4536
4732
4808
4436
4864
4776
4780
4640
4788
4524
4792
4716
4832
4756
4848
4776
4804
4876
4520
4812
4568
6368
4652
4748
4812
4836
4804
4652
7016
4664
10168
6872
4812
4732
4564
4824
4784
4896
4868
4644
4912
4832
4660
4772
10056
4708
4628
10064
7004
4616
4708
4780
4488
4468
4812
6656
4772
4780
4788
4820
4648
4776
4752
4728
4756
4752
4512
4636
4900
4876
4864
4832
6872
6564
4624
4416
4868
4740
4448
4596
4756
4852
4812
4668
4736
4784
4456
4588
4760
4524
4844
4748
4828
4824
4892
4732
4996
4840
4976
4752
4712
4848
4444
4440
4704
4516
4520
4832
4816
10108
4856
4832
4716
4428
4808
4608
4820
4832
4744
4700
4500
4804
4768
4780
4808
4452
4620
4744
4728
4436
4732
4600
4796
4828
4620
4644
4672
4748
4700
4836
4756
4820
4556
4736
4736
4616
4752
4828
4796
4788
6788
4832
4540
4880
4708
4704
4504
4748
4900
4788
4864
4400
4728
4624
4828
4756
4544
4792
4820
4748
4624
10048
4768
4808
4672
4680
4488
4652
4872
4660
4628
4852
4668
4860
4804
4812
4784
4624
4728
4944
4604
4680
4780
4840
4804
4876
4752
4836
4700
4880
4772
4828
4768
4828
4520
4760
4800
4828
4896
4824
4648
4848
4696
4840
4744
4652
4828
4808
4520
4764
4828
4852
4476
4716
4428
4888
4720
4812
4908
4740
4756
4792
4764
4708
4804
4764
4832
4688
4668
4720
4696
4796
4856
4812
4668
4808
4652
4884
4768
4840
4836
4760
4660
4764
4628
4904
4888
4864
4820
4696
4772
4892
4708
4828
4824
4544
4744
4852
4924
4860
4824
5076
5048
5212
5328
5268
5228
4844
4864
4980
4972
4856
4972
4900
4640
4620
4756
4612
4580
4872
5028
4884
4888
4872
4908
4728
5044
4992
5008
4720
5168
5056
4996
5124
4772
4776
4820
4728
4820
4820
4688
4780
4492
5080
4708
4864
4856
4848
4700
4860
4780
4620
4896
4540
4656
4788
4772
4824
4532
4808
4744
4628
4760
4784
4748
4480
4772
4792
4812
4836
4784
4516
4884
4888
4652
4828
4652
4720
4648
4640
4728
4748
4484
4468
4516
4740
4892
4668
4788
4900
4564
4800
4832
4568
4880
4928
4944
4572
4856
4540
4484
4836
4808
4848
4836
4912
4732
4668
4812
4748
4664
4756
4652
4676
4852
4680
4684
4820
4460
4724
4852
4584
4684
4672
4680
4788
4676
4856
4736
4692
4812
4772
4632
4652
4688
4468
4636
4732
4784
4732
4836
4668
4528
4500
4636
4736
4744
4848
4780
4788
4800
4864
4476
4756
4840
4836
4488
4768
4728
4524
4460
4820
4516
4728
4880
4812
4508
4816
4828
4840
4732
4648
4536
4664
4812
4664
4872
4648
4660
4672
4856
4472
4836
4844
4684
4916
4772
4684
4800
4508
4804
4908
4868
4756
4544
4788
4704
4668
4916
4668
4836
4876
4840
4760
4836
4848
4700
5076
5236
5232
4956
4848
4776
4968
5052
4984
4700
5012
4824
4956
5012
4936
4880
5344
5228
5072
5132
5104
5232
5256
5280
5308
5128
5284
5072
4768
4860
4516
4792
4852
4776
4744
4860
4640
4800
4852
4844
4804
4672
4848
4852
4528
4836
4788
4804
4576
4816
4484
4540
4852
4700
4820
4724
4776
4832
4872
4812
4664
4636
4808
4616
4920
4896
4816
4840
4704
4768
4856
4540
4760
4856
4484
4780
4860
4836
4840
4812
4856
4764
4500
4788
4792
4812
4524
4880
4696
4668
4904
4788
4848
4896
4516
4768
4792
4784
4748
4748
4740
4752
4832
4728
4908
4660
4880
4808
4748
4624
4684
4792
4844
4528
4808
4720
4852
4792
4652
4724
4864
4536
4528
4848
4636
4756
4712
4804
4788
4884
4800
4740
4692
4704
4876
4664
4688
4708
4688
4792
4888
4644
4792
4768
4776
4844
4848
4856
4908
4844
4848
4540
4668
4896
4888
4820
4796
4544
4752
4644
4856
4816
4712
4764
4848
4664
4896
4720
4524
4756
4536
4788
4808
4820
4776
4740
4880
4656
4872
4848
4848
4516
4488
4860
4776
4768
4756
4700
4848
4780
4848
4780
4704
4800
4724
4844
4816
4780
4712
4848
4804
4620
4824
4780
4704
4668
4848
4756
4508
4768
4828
4512
4844
4700
4740
4672
4780
4704
4900
4628
4800
4848
4868
4784
4832
4544
4708
4856
4828
4548
4832
4872
4532
4752
4808
4876
4768
4544
4792
4748
4652
4508
4812
4800
4764
4840
4716
4772
4492
4504
4792
4708
4760
4756
4760
4684
4860
4816
4776
4744
4856
4696
4680
4816
4884
4828
4544
4708
4860
4872
4704
4664
4620
4772
4888
4860
4780
4760
4696
4604
4756
4808
4776
4832
4736
4760
4788
4524
4696
4756
4804
4716
4708
4812
4848
4876
4748
4692
4852
4880
4860
4784
4836
4832
4704
4860
4644
4748
4688
4860
4748
4776
4760
4852
4804
4652
4848
4768
4472
4692
4672
4820
4852
4816
4712
4848
4760
4620
4684
4532
4684
4788
4632
4876
4868
4696
4916
4760
4732
4864
4780
4860
4812
4852
4848
4788
4868
4772
4876
4708
4820
4684
4716
4860
4664
4844
4712
4772
4804
4804
4764
4684
4640
4740
4756
4800
4792
4820
4912
4668
4748
4524
4632
4660
4644
4648
4872
4880
4840
4676
4804
4804
4788
4736
4840
4860
4912
4752
4888
4660
4700
4872
4552
4864
4908
4716
4808
4804
4880
4668
4808
4872
4888
4900
4864
4824
4780
4852
4872
4852
4812
4672
4780
4512
4800
4672
4908
4808
4524
4848
4708
4748
4808
4836
4516
4728
4904
4856
4680
4804
4480
4848
4692
4776
4752
4708
4668
4684
4812
4836
4824
4544
4840
4812
4844
4656
4828
4768
4800
4820
4540
4524
4548
4860
4908
4820
4668
4808
4896
4740
4804
4712
4676
4736
4496
4828
4760
4872
4784
4792
4808
4476
4892
4888
4804
4756
4860
4692
4780
4812
4760
4820
4852
4756
4668
4512
4812
4824
4860
4676
4828
4804
4860
4756
4876
4684
4676
4804
4516
4876
4708
4812
4772
4644
4912
4840
4768
4900
4520
4836
4708
4856
4860
4852
4872
4864
4512
4788
4668
4808
4716
4884
4436
4900
4648
4620
4832
4888
4640
4816
4764
4868
4648
4652
4836
4500
4696
4532
4752
4808
4784
4696
4872
4860
4832
4732
4836
4520
4644
4872
4708
4676
4852
4752
4660
4908
4664
4676
4672
4792
4528
4888
4684
4864
4844
4644
4924
4708
4864
4908
4860
4864
4780
4824
4840
4812
4700
4688
4848
4556
4720
4664
4732
4744
4892
4856
4880
4720
4908
4884
4808
4808
4744
4868
4824
4836
4876
4876
4648
4924
4796
4756
4856
4852
4868
4820
4532
4800
4864
4876
4808
4844
4864
4716
4864
4876
4712
4820
4904
4916
5084
4856
4844
5068
4812
4908
5144
5140
5088
5028
4792
4988
4768
5140
5012
4988
5076
4720
4988
5076
4640
5072
4976
5016
5044
4860
5016
4812
4880
4740
5060
4976
4968
5136
4808
4904
4860
4816
4808
4572
4892
4888
4540
5016
4940
4736
4744
5144
4768
4744
4728
4852
5164
4912
5036
5124
5052
5076
4928
4784
4980
5136
5344
5148
4900
4776
4848
4888
5056
4716
4896
4932
4944
4836
4880
4880
5104
4972
4940
4940
5100
5028
5076
4976
4880
4672
4696
4684
4876
4820
5080
4992
4860
5032
5104
5076
4892
4804
4880
5004
4792
5064
4920
4948
5044
5112
5080
4928
5072
4896
4656
5056
4520
5104
5028
4896
4836
5204
4884
4928
5116
5096
4720
5064
4788
4632
4956
4848
4936
4688
4920
4816
5040
4956
5128
4916
4912
4864
5088
4972
5000
5084
4800
5088
5056
4908
4780
4780
5312
4876
5040
4816
4808
4560
4560
4600
5008
4920
5036
4720
5040
5092
5032
4948
4960
5060
5080
5064
5172
4932
4948
4928
4800
5068
5104
5036
5036
4944
4892
5160
4932
5096
4888
4820
4716
4816
5084
5128
4932
4892
4952
5168
5116
5152
4824
5112
5068
5080
4744
4784
5116
4800
4552
4892
4700
4716
4788
4564
4660
4548
4912
4676
4680
4884
4864
4876
4772
5136
4668
4888
4832
4896
4888
4936
4816
5044
4936
4896
5024
4984
5128
4964
4668
4876
4608
5040
5140
5004
5068
4876
4752
4924
5068
5076
4928
4880
5084
5096
5080
5100
5116
5112
4808
5088
4944
4832
5108
4836
4536
4700
4704
4588
4896
4908
5052
5076
5008
5068
4824
5052
5068
4896
4836
4888
4768
5336
5308
5184
5276
5264
5016
5260
5024
5160
4820
4884
5088
5132
5108
4864
4836
4720
4784
4916
4904
5036
4820
4852
4888
4684
4840
5124
4796
4688
4744
4988
5120
4784
4732
4784
4812
4832
5036
5056
4740
4988
4884
4852
4952
5000
5084
4816
5116
4996
4708
4924
4800
5088
4692
4928
5112
4748
5000
4844
4900
5028
5096
4912
4880
4536
4828
4944
4896
5088
5068
4504
4804
4628
4780
4900
5096
4852
4828
5040
5088
4792
5128
5164
4792
5112
4972
5088
5172
5020
5196
4872
4932
5112
5092
5152
4820
4956
4816
5188
5164
4972
5096
5096
5004
5008
5088
4916
5108
4964
5080
5156
5028
5180
4740
5076
5072
5072
5196
4844
5196
5192
4872
4996
5076
5040
5120
5152
4988
5144
4980
4792
5004
5100
5192
5056
4888
5192
5048
5112
4940
5048
5148
4992
4832
4928
5212
5060
5176
5088
4836
4808
4976
5024
5104
5040
5180
5200
5044
4968
5152
5136
5124
4812
5128
5224
5096
5036
4904
4980
5076
4972
4816
4976
5176
4800
4776
5100
5184
5248
5056
5216
5164
5116
5212
5240
5248
5236
5024
5116
5148
5104
5024
5172
5072
5036
5012
5052
4968
5144
5144
5084
5180
5116
5192
4928
4772
5100
4984
5152
4772
4820
5116
5204
5120
4812
5064
5032
4872
4876
5032
4756
5008
4916
4872
5048
5128
5004
5192
5060
5140
5064
4980
5148
4964
4776
5096
5044
5012
4992
4856
5052
5064
4860
5096
4720
5096
4928
5068
5176
4816
5184
5116
4964
4848
4872
5056
4980
5048
4756
4972
5036
5112
5044
5072
4792
4900
5196
4824
4804
4896
5100
5044
5012
4656
4820
5152
4840
5120
5152
5120
5072
4912
5136
5104
5104
4808
5208
4848
5032
4784
5176
4980
5204
4972
5156
5148
5080
5124
5168
4812
4916
5048
5140
5156
4740
4804
5172
4940
5096
5088
5116
5092
4948
5072
5192
5148
5172
5128
4992
5164
4816
5156
4856
5120
5056
5064
4888
5004
5168
4916
4792
4792
5120
5080
5044
4760
4952
4824
4764
4784
4960
5144
5132
5168
5036
5136
5068
5048
5112
4824
5092
5080
4836
5184
5132
5152
4956
4776
5036
5088
5120
4768
5044
4916
5028
5164
5096
5108
5124
5204
5036
4920
5124
5056
4928
5056
4900
4772
5000
4684
5040
4904
5164
5032
5052
5040
5152
5016
5032
5076
5188
5120
4960
4932
5188
5180
5024
5120
5116
5156
5220
5144
5032
5092
4772
5112
4840
4944
5080
5224
5192
5104
5096
5064
4856
5016
5152
5012
5024
5140
5020
4828
5112
4836
5064
5020
5088
5096
5012
5096
4820
4912
5080
4808
5132
4944
5072
5132
4900
5108
5080
4908
5028
5012
5096
4708
4848
5048
5064
5168
5084
5084
5048
5128
4980
4792
5084
5192
5088
5136
5144
5152
5100
4760
5088
5096
4808
5120
5008
4996
5096
5068
5092
4992
4836
5028
5220
5048
4960
4720
4956
5048
5056
5188
5048
5072
5136
4968
5096
5084
5008
5064
4996
5140
5084
5104
5164
5180
5120
5108
5112
5096
5124
5180
5116
5012
4976
5000
5080
4792
5056
5116
5124
5032
5136
5180
5024
4952
4668
4692
4884
4948
5128
4892
5016
4860
5016
5064
4968
5084
4944
4980
4808
4968
5036
4860
4868
4828
5180
5220
5152
5140
5104
4992
5144
4844
4976
5128
5116
5116
4844
5144
5012
5216
5028
5172
4816
5144
5172
5148
5152
5028
5148
5024
4876
5016
5068
4980
5016
5048
5100
5116
5012
4768
4780
4980
4980
5176
4988
5096
5048
4800
5160
5084
5104
5048
5168
5104
5132
5124
5140
4976
5004
5172
5000
5048
5152
5076
4968
5072
4988
4944
5040
5116
5152
4984
4996
4960
5096
5136
5096
4800
5112
5164
4984
4860
4872
4996
4844
5072
5120
5028
4880
4764
4832
5160
5132
4972
5124
5156
4964
5100
5132
4792
5152
4968
4988
5080
5068
5084
4696
4936
5096
4980
4844
4960
5096
5080
5144
5124
4732
4936
4756
4892
5080
4968
5096
5012
4916
5044
5064
5100
5100
5012
4788
5060
4868
4816
4984
4900
5044
5104
5124
4808
4944
4712
5184
4968
4724
4984
5076
4984
4944
5044
4772
5036
5020
5044
5152
4736
5036
5084
4764
5032
5076
5124
4852
5020
4912
5012
5164
5008
5028
4872
4960
4924
5040
5188
4956
5228
5120
5000
4800
4864
4816
4976
4892
4884
4780
5200
4980
4968
5080
4948
5144
5072
4968
5220
5124
5020
5016
5076
4940
5128
5012
5176
5196
5080
5024
4972
5172
5136
5092
4924
5128
5212
5060
4984
