0.04
0.04
0.05
0.06
0.08
0.06
0.07
0.07
0.03
0.06
0.05
0.10
0.05
0.07
0.05
0.10
0.07
0.10
0.05
0.10
0.14
0.11
0.12
0.03
0.11
0.08
0.12
0.12
0.11
0.11
0.12
0.11
0.09
0.05
0.09
0.10
0.08
0.07
0.10
0.11
0.07
0.13
0.10
0.07
0.05
0.06
0.10
0.02
0.10
0.10
0.02
0.08
0.10
0.10
0.07
0.03
0.11
0.11
0.07
0.08
0.10
0.08
0.07
0.06
0.10
0.09
0.09
0.04
0.11
0.10
0.10
0.11
0.09
0.14
0.09
0.05
0.05
0.07
0.09
0.06
0.09
0.08
0.06
0.05
0.05
0.11
0.05
0.03
0.07
0.06
0.08
0.06
0.06
0.05
0.08
0.05
0.08
0.12
0.13
0.17
0.04
0.08
0.08
0.05
0.10
0.06
0.09
0.09
0.07
0.10
0.07
0.05
0.07
0.03
0.05
0.07
0.08
0.06
0.05
0.05
0.05
0.05
0.05
0.05
0.05
0.06
0.08
0.05
0.05
0.06
0.05
0.07
0.08
0.06
0.06
0.05
0.07
0.09
0.07
0.09
0.07
0.08
0.08
0.09
0.08
0.14
0.06
0.06
0.06
0.06
0.09
0.07
0.13
0.08
0.05
0.05
0.03
0.07
0.05
0.07
0.07
0.06
0.08
0.09
0.08
0.06
0.06
0.07
0.07
0.07
0.07
0.07
0.06
0.07
0.05
0.07
0.07
0.12
0.07
0.07
0.10
0.11
0.09
0.13
0.08
0.05
0.03
0.12
0.06
0.10
0.13
0.04
0.12
0.07
0.03
0.07
0.06
0.06
0.06
0.09
0.06
0.05
0.05
0.05
0.05
0.03
0.14
0.14
0.03
0.07
0.06
0.05
0.05
0.04
0.04
0.06
0.08
0.16
0.06
0.08
0.11
0.05
0.05
0.04
0.06
0.05
0.10
0.09
0.10
0.06
0.06
0.09
0.07
0.06
0.05
0.08
0.06
0.05
0.08
0.06
0.08
0.08
0.08
0.12
0.02
0.18
0.07
0.04
0.10
0.06
0.03
0.10
0.05
0.07
0.06
0.09
0.07
0.05
0.07
0.06
0.05
0.06
0.10
0.07
0.06
0.07
0.07
0.06
0.06
0.06
0.06
0.07
0.06
0.05
0.10
0.08
0.07
0.09
0.06
0.07
0.06
0.14
0.06
0.06
0.10
0.04
0.15
0.10
0.13
0.07
0.09
0.06
0.11
0.08
0.08
0.10
0.11
0.07
0.08
0.09
0.09
0.10
0.07
0.16
0.10
0.11
0.11
0.07
0.07
0.04
0.07
0.08
0.08
0.10
0.06
0.08
0.06
0.11
0.10
0.10
0.06
0.10
0.11
0.05
0.06
0.08
0.12
0.04
0.04
0.06
0.04
0.09
0.09
0.04
0.08
0.08
0.07
0.03
0.05
0.03
0.10
0.06
0.06
0.07
0.05
0.08
0.05
0.05
0.07
0.05
0.05
0.07
0.05
0.05
0.08
0.07
0.07
0.06
0.06
0.07
0.05
0.05
0.07
0.06
0.05
0.06
0.07
0.06
0.07
0.05
0.11
0.05
0.05
0.06
0.05
0.05
0.07
0.07
0.05
0.07
0.11
0.05
0.07
0.05
0.06
0.05
0.04
0.05
0.06
0.06
0.07
0.06
0.06
0.07
0.10
0.07
0.05
0.06
0.06
0.07
0.05
0.08
0.07
0.08
0.05
0.10
0.03
0.06
0.06
0.05
0.07
0.10
0.05
0.11
0.07
0.03
0.06
0.09
0.05
0.04
0.05
0.05
0.05
0.08
0.09
0.07
0.07
0.09
0.02
0.05
0.09
5.49
0.69
0.22
0.19
0.13
0.19
0.18
0.15
0.17
0.23
0.14
0.14
0.10
0.10
0.11
0.26
0.19
1.75
1.77
1.68
1.66
1.68
1.70
1.76
1.70
1.74
1.74
1.72
1.70
1.76
1.72
1.80
1.76
1.78
1.73
1.68
1.71
1.70
1.68
1.73
1.72
2.00
1.82
1.58
1.71
1.95
1.80
1.91
1.91
1.79
1.74
1.73
1.63
1.57
1.56
1.86
1.92
1.91
1.63
1.92
1.92
1.59
1.86
1.69
1.78
1.39
1.58
1.66
1.67
1.80
1.92
1.93
1.67
1.79
1.65
1.74
1.70
1.87
1.65
1.82
1.81
1.71
1.95
1.80
1.95
1.95
1.94
1.95
1.95
2.25
1.91
1.77
1.95
1.97
1.78
1.67
1.90
1.84
1.82
1.81
1.95
1.77
1.89
1.89
1.89
1.66
1.79
1.70
1.61
1.61
1.78
1.78
1.87
1.86
1.80
1.62
1.74
1.78
1.83
1.87
1.77
1.94
1.69
1.70
1.70
1.80
1.80
1.67
1.61
1.65
1.82
1.80
1.79
1.92
1.77
1.79
1.69
1.63
1.55
1.79
1.86
1.74
1.87
1.89
1.84
2.01
2.02
1.76
1.82
1.55
1.74
1.80
1.68
2.02
2.02
1.85
1.70
1.77
1.92
1.90
1.90
1.62
1.74
1.90
1.70
1.75
1.27
1.79
1.93
1.90
1.87
1.79
1.68
1.86
1.89
1.69
1.72
1.65
1.81
1.90
1.59
1.82
1.82
1.68
1.90
1.76
1.90
1.87
1.91
1.92
1.86
1.88
1.89
1.87
1.88
1.90
1.71
1.75
1.85
1.90
1.87
1.87
1.76
1.90
1.87
1.75
1.87
1.78
1.81
1.85
1.79
1.73
1.91
1.90
1.87
1.29
1.87
1.91
1.22
1.90
1.91
1.76
1.91
1.87
1.92
1.86
1.90
1.79
1.78
1.78
1.80
1.80
1.86
1.90
1.75
1.74
1.71
1.91
1.90
1.96
1.88
1.83
1.84
1.64
1.69
1.93
1.89
1.90
1.68
1.66
1.69
1.67
1.74
1.80
1.81
1.95
1.70
1.73
1.77
1.76
1.80
1.78
1.71
1.75
1.72
1.76
1.79
1.73
1.91
1.74
1.80
1.74
1.74
1.81
1.78
1.73
1.81
1.84
1.87
1.58
1.76
1.82
1.73
4.46
2.65
2.62
2.56
2.80
2.71
2.71
3.03
2.50
2.73
2.68
2.84
2.50
2.21
2.55
2.23
3.12
2.49
2.71
3.25
2.66
2.65
2.68
2.53
2.50
2.60
2.58
2.37
2.69
2.65
2.70
2.71
2.75
2.77
2.55
2.74
3.39
2.85
3.00
3.11
2.64
2.77
2.73
2.70
1.69
2.76
2.80
2.74
2.65
2.76
2.63
2.71
2.67
2.82
2.72
2.80
2.89
4.09
2.76
2.50
2.67
2.83
2.74
2.84
2.67
3.29
3.44
2.54
2.55
2.73
2.83
2.65
2.64
2.67
2.66
2.72
2.64
2.77
2.79
3.75
4.01
2.70
2.65
2.81
3.64
4.20
3.96
2.61
2.55
2.65
2.83
2.83
2.57
2.75
2.75
2.69
2.82
2.78
2.52
2.65
2.64
2.73
2.75
4.26
2.52
4.53
2.73
2.04
2.73
2.64
1.58
3.15
2.82
2.64
2.66
2.66
2.71
2.64
1.31
2.69
2.71
2.70
0.58
0.54
0.59
0.56
0.62
0.56
0.42
1.26
0.58
0.61
0.59
0.54
0.59
0.56
0.55
0.53
0.54
0.55
0.56
0.56
0.56
0.56
0.61
0.61
0.58
0.59
0.58
0.60
0.61
0.57
0.56
0.59
0.58
0.56
2.93
0.59
0.55
0.61
0.62
0.56
3.34
0.55
0.57
0.56
0.56
3.13
1.78
6.82
6.82
6.78
7.58
7.11
6.99
6.81
6.64
6.91
7.22
7.03
7.02
7.58
7.03
6.95
6.82
6.76
6.81
6.81
7.02
7.00
7.21
6.98
6.81
6.79
7.00
6.89
6.85
6.89
7.39
7.02
7.22
6.99
6.95
7.03
7.24
8.32
8.28
7.18
6.95
6.91
7.11
6.36
6.72
6.28
5.96
8.59
7.17
7.21
7.47
7.41
6.91
6.85
6.97
6.83
7.12
10.98
7.08
10.46
13.79
17.69
11.31
0.88
1.01
0.97
0.83
2.82
1.41
1.66
0.90
1.29
1.62
1.08
1.33
1.79
1.48
16.09
1.85
10.41
6.96
0.01
0.00
0.01
0.01
0.00
0.00
0.00
0.00
0.00
0.00
0.00
0.00
0.00
0.00
0.00
0.00
0.00
0.00
0.01
0.00
0.00
0.00
0.70
1.84
1.72
1.74
1.75
1.80
1.83
1.68
2.56
1.58
1.96
2.77
6.37
2.74
0.33
0.40
0.35
0.59
0.26
0.84
0.87
0.04
0.09
0.05
0.03
0.39
0.04
0.16
0.86
2.62
0.65
0.07
0.22
0.22
0.22
0.19
0.22
0.14
0.14
0.12
0.13
0.13
0.12
0.09
0.09
0.16
0.17
0.20
0.16
0.18
0.23
0.06
0.06
0.19
0.05
0.04
0.04
0.05
0.19
0.32
0.16
0.14
0.19
0.14
0.10
0.12
0.13
0.15
0.10
0.04
0.03
0.03
0.03
0.04
0.08
0.03
0.14
0.14
0.24
0.14
0.10
0.09
0.10
0.14
0.12
0.10
0.13
0.10
1.05
0.10
0.78
0.16
0.46
0.71
0.95
0.21
0.14
0.04
0.03
0.05
0.04
0.04
0.10
0.13
0.13
0.14
0.14
0.14
0.12
0.24
1.59
0.58
0.05
0.61
2.64
1.19
1.87
5.92
3.00
1.78
3.82
1.58
1.26
0.30
0.10
0.32
0.25
0.31
0.35
0.31
0.08
1.61
2.58
4.74
3.05
5.17
0.49
0.40
0.28
0.54
0.46
5.82
0.31
0.78
1.12
0.35
0.46
0.45
0.45
0.75
0.38
2.92
3.86
6.13
1.92
0.84
6.26
1.67
4.96
1.17
0.76
4.84
0.74
0.29
0.63
2.67
2.68
2.79
5.20
2.97
2.07
0.39
0.62
0.52
0.59
0.59
0.55
0.59
0.55
1.54
0.59
0.60
0.56
0.56
1.12
1.83
1.70
0.55
3.25
0.56
0.61
0.62
0.56
3.16
1.02
2.90
1.81
2.93
0.57
2.66
1.71
0.56
1.89
0.48
1.24
2.25
0.56
2.31
0.61
0.62
3.18
2.45
0.57
3.09
2.36
2.31
0.82
0.15
0.20
0.17
0.18
1.73
1.81
1.59
1.88
1.81
1.35
1.98
1.73
2.78
2.81
2.72
1.39
2.69
1.55
2.66
1.40
2.64
2.76
1.56
1.30
2.62
1.42
1.51
1.61
2.63
2.64
2.49
2.62
2.72
2.71
2.79
1.54
2.71
2.78
2.75
2.55
2.74
2.69
1.41
2.67
2.80
2.71
2.71
2.74
1.42
2.75
2.76
1.76
1.36
2.73
1.47
1.54
1.30
2.71
1.43
1.22
1.32
2.76
1.39
2.74
1.33
2.73
2.68
1.44
1.34
2.68
1.33
1.45
1.40
1.33
2.75
2.80
2.75
1.33
2.69
1.35
1.39
1.30
1.31
1.27
1.27
1.27
2.64
1.31
1.33
1.28
1.27
1.28
1.21
1.22
1.23
1.49
1.29
1.28
2.74
2.64
1.32
1.77
1.42
2.77
1.50
2.65
2.74
2.65
1.35
1.33
1.14
1.39
2.70
2.75
2.92
2.66
2.60
2.59
2.74
1.39
2.79
2.71
2.81
1.52
2.75
1.40
2.74
2.55
2.74
2.78
1.62
1.21
1.41
1.27
1.31
1.53
6.75
0.01
0.01
0.00
0.00
0.00
0.00
0.00
0.00
0.01
0.01
0.01
0.01
0.01
0.01
0.00
0.01
0.01
0.01
0.01
0.01
0.01
0.01
0.01
0.01
0.01
0.01
0.00
0.00
0.00
0.00
0.00
0.00
0.00
0.00
0.01
0.00
0.01
0.00
0.00
0.01
0.01
0.01
0.00
0.01
0.01
0.01
0.00
0.00
0.01
0.01
0.00
0.00
0.00
0.01
0.00
0.00
0.00
0.00
0.00
0.00
0.00
0.00
0.01
0.00
0.00
0.00
0.01
0.01
0.00
0.00
0.00
0.00
0.00
0.00
0.00
0.00
0.00
0.00
0.00
0.00
0.00
0.00
0.01
0.00
0.00
0.01
0.01
0.00
0.00
0.00
0.01
0.01
0.00
0.01
0.00
0.01
0.00
0.01
0.01
0.00
0.01
0.00
0.00
0.00
0.00
0.00
0.01
0.00
0.00
0.01
0.00
0.00
0.00
0.00
0.00
0.00
0.00
0.00
0.00
0.00
0.00
0.00
0.00
0.00
0.00
0.00
0.00
0.00
0.00
6.95
0.00
0.00
0.00
0.00
0.00
0.00
0.00
0.00
0.00
0.00
0.00
0.00
0.00
0.00
0.00
0.00
0.00
0.00
0.00
0.00
0.00
0.00
0.00
0.00
0.00
0.00
0.00
0.00
0.00
0.00
0.00
0.00
0.00
0.00
0.00
0.00
0.00
0.00
0.00
0.00
0.00
0.00
0.00
0.00
0.00
0.00
0.00
0.00
0.00
0.00
0.00
0.00
0.00
0.00
0.00
0.00
0.00
0.00
0.00
0.00
0.00
0.00
0.00
0.00
0.00
0.00
0.00
0.00
0.00
0.00
0.00
0.00
0.00
0.00
0.00
0.00
0.00
0.00
6.13
0.00
0.00
0.00
0.00
0.00
0.00
0.00
0.00
0.00
0.00
0.00
0.00
0.00
0.00
0.00
0.00
0.00
0.00
0.00
0.00
0.00
0.00
0.00
0.00
0.00
0.00
0.00
0.00
0.00
0.00
0.00
0.00
0.00
0.00
0.00
0.00
0.00
0.00
0.00
0.00
0.00
0.00
0.00
0.00
0.00
0.00
0.00
0.00
0.00
0.00
0.00
0.00
0.00
0.00
0.00
0.00
1.16
0.00
0.00
0.00
0.00
0.00
0.00
1.82
0.00
6.27
1.83
0.00
0.00
0.00
0.00
0.00
0.01
0.00
0.00
0.01
0.00
0.00
0.00
6.23
0.00
0.00
6.23
1.87
0.00
0.00
0.00
0.00
0.00
0.00
1.69
0.00
0.00
0.00
0.00
0.00
0.00
0.00
0.00
0.00
0.00
0.00
0.00
0.01
0.00
0.00
0.00
1.83
1.86
0.00
0.00
0.00
0.00
0.00
0.00
0.00
0.00
0.00
0.00
0.00
0.00
0.00
0.00
0.00
0.00
0.00
0.00
0.00
0.00
0.00
0.00
0.04
0.00
0.05
0.00
0.00
0.00
0.00
0.00
0.00
0.00
0.00
0.00
0.00
6.40
0.00
0.00
0.00
0.00
0.00
0.00
0.00
0.00
0.00
0.00
0.00
0.00
0.00
0.00
0.00
0.00
0.00
0.00
0.00
0.00
0.00
0.00
0.00
0.00
0.00
0.00
0.00
0.00
0.00
0.00
0.00
0.00
0.00
0.00
0.00
0.00
0.00
0.00
0.00
0.00
1.80
0.00
0.00
0.00
0.00
0.00
0.00
0.00
0.00
0.00
0.00
0.00
0.00
0.00
0.00
0.00
0.00
0.00
0.00
0.00
0.00
6.22
0.00
0.00
0.00
0.00
0.00
0.00
0.00
0.00
0.00
0.00
0.00
0.00
0.00
0.01
0.00
0.00
0.00
0.01
0.00
0.00
0.00
0.00
0.00
0.00
0.00
0.00
0.00
0.00
0.00
0.00
0.00
0.00
0.00
0.00
0.00
0.00
0.00
0.00
0.00
0.00
0.00
0.00
0.00
0.00
0.00
0.00
0.00
0.00
0.00
0.00
0.00
0.00
0.00
0.00
0.00
0.00
0.00
0.00
0.00
0.00
0.00
0.00
0.00
0.00
0.00
0.00
0.00
0.00
0.00
0.00
0.00
0.00
0.00
0.00
0.00
0.00
0.00
0.00
0.00
0.00
0.00
0.00
0.00
0.00
0.00
0.00
0.00
0.00
0.00
0.00
0.00
0.00
0.00
0.00
0.00
0.00
0.00
0.00
0.00
0.15
0.13
0.14
0.19
0.16
0.16
0.01
0.01
0.02
0.02
0.02
0.02
0.02
0.02
0.01
0.01
0.01
0.01
0.01
0.03
0.03
0.03
0.03
0.03
0.06
0.06
0.06
0.04
0.03
0.08
0.08
0.08
0.08
0.08
0.08
0.00
0.00
0.00
0.00
0.00
0.00
0.00
0.07
0.00
0.00
0.00
0.00
0.00
0.00
0.00
0.00
0.00
0.00
0.00
0.00
0.00
0.00
0.00
0.00
0.00
0.00
0.00
0.00
0.00
0.00
0.00
0.00
0.00
0.00
0.00
0.00
0.00
0.00
0.00
0.00
0.00
0.00
0.00
0.00
0.00
0.00
0.00
0.00
0.00
0.00
0.00
0.00
0.00
0.00
0.00
0.00
0.00
0.00
0.00
0.00
0.00
0.00
0.00
0.00
0.00
0.00
0.00
0.00
0.00
0.00
0.00
0.00
0.00
0.00
0.00
0.00
0.00
0.00
0.00
0.00
0.00
0.00
0.00
0.00
0.00
0.00
0.00
0.00
0.00
0.00
0.00
0.00
0.00
0.00
0.00
0.00
0.00
0.00
0.00
0.00
0.00
0.00
0.00
0.00
0.00
0.00
0.00
0.00
0.00
0.00
0.00
0.00
0.00
0.00
0.00
0.00
0.00
0.00
0.00
0.00
0.00
0.00
0.00
0.00
0.00
0.00
0.00
0.00
0.00
0.00
0.00
0.00
0.00
0.00
0.00
0.00
0.00
0.00
0.00
0.00
0.00
0.00
0.00
0.00
0.00
0.00
0.00
0.00
0.00
0.00
0.00
0.00
0.00
0.00
0.00
0.00
0.00
0.00
0.00
0.00
0.00
0.00
0.00
0.00
0.00
0.00
0.00
0.00
0.00
0.00
0.00
0.18
0.20
0.20
0.20
0.00
0.00
0.03
0.03
0.03
0.03
0.03
0.03
0.03
0.03
0.03
0.04
0.21
0.21
0.21
0.21
0.21
0.21
0.21
0.20
0.21
0.21
0.22
0.22
0.00
0.00
0.00
0.00
0.00
0.00
0.00
0.00
0.00
0.00
0.00
0.00
0.00
0.00
0.00
0.00
0.00
0.00
0.00
0.00
0.00
0.00
0.00
0.00
0.00
0.00
0.00
0.00
0.00
0.00
0.00
0.00
0.00
0.00
0.00
0.00
0.00
0.00
0.00
0.00
0.00
0.00
0.00
0.00
0.00
0.00
0.00
0.00
0.00
0.00
0.00
0.00
0.00
0.00
0.00
0.00
0.00
0.00
0.00
0.00
0.00
0.00
0.00
0.00
0.00
0.00
0.00
0.00
0.00
0.00
0.00
0.00
0.00
0.00
0.00
0.00
0.00
0.00
0.00
0.00
0.00
0.00
0.00
0.00
0.00
0.00
0.00
0.00
0.00
0.00
0.00
0.00
0.00
0.00
0.00
0.00
0.00
0.00
0.00
0.00
0.00
0.00
0.00
0.00
0.00
0.00
0.00
0.00
0.00
0.00
0.00
0.00
0.00
0.00
0.00
0.00
0.00
0.00
0.00
0.00
0.00
0.00
0.00
0.00
0.00
0.00
0.00
0.00
0.00
0.00
0.00
0.00
0.00
0.00
0.00
0.00
0.00
0.00
0.00
0.00
0.00
0.00
0.00
0.00
0.00
0.00
0.00
0.00
0.00
0.00
0.00
0.00
0.00
0.00
0.00
0.00
0.00
0.00
0.00
0.00
0.00
0.00
0.00
0.00
0.00
0.00
0.00
0.00
0.00
0.00
0.00
0.00
0.00
0.00
0.00
0.00
0.00
0.00
0.00
0.00
0.00
0.00
0.00
0.00
0.00
0.00
0.00
0.00
0.00
0.00
0.00
0.00
0.00
0.00
0.00
0.00
0.00
0.00
0.00
0.00
0.00
0.00
0.00
0.00
0.00
0.00
0.00
0.00
0.00
0.00
0.00
0.00
0.00
0.00
0.00
0.00
0.00
0.00
0.00
0.00
0.00
0.00
0.00
0.00
0.00
0.00
0.00
0.00
0.00
0.00
0.00
0.00
0.00
0.00
0.00
0.00
0.00
0.00
0.00
0.00
0.00
0.00
0.00
0.00
0.00
0.00
0.00
0.00
0.00
0.00
0.00
0.00
0.00
0.00
0.00
0.00
0.00
0.00
0.00
0.00
0.00
0.00
0.00
0.00
0.00
0.00
0.00
0.00
0.00
0.00
0.00
0.00
0.00
0.00
0.00
0.00
0.00
0.00
0.00
0.00
0.00
0.00
0.00
0.00
0.00
0.00
0.00
0.00
0.00
0.00
0.00
0.00
0.00
0.00
0.00
0.00
0.00
0.00
0.00
0.00
0.00
0.00
0.00
0.00
0.00
0.00
0.00
0.00
0.00
0.00
0.00
0.00
0.00
0.00
0.00
0.00
0.00
0.00
0.00
0.00
0.00
0.00
0.00
0.00
0.00
0.00
0.00
0.00
0.00
0.00
0.00
0.00
0.00
0.00
0.00
0.00
0.00
0.00
0.00
0.00
0.00
0.00
0.00
0.00
0.00
0.00
0.00
0.00
0.00
0.00
0.00
0.00
0.00
0.00
0.00
0.00
0.00
0.00
0.00
0.00
0.00
0.00
0.00
0.00
0.00
0.00
0.00
0.00
0.00
0.00
0.00
0.00
0.00
0.00
0.00
0.00
0.00
0.00
0.00
0.00
0.00
0.00
0.00
0.00
0.00
0.00
0.00
0.00
0.00
0.00
0.00
0.00
0.00
0.00
0.00
0.00
0.00
0.00
0.00
0.00
0.00
0.00
0.00
0.00
0.00
0.00
0.00
0.00
0.00
0.00
0.00
0.00
0.00
0.00
0.00
0.00
0.00
0.00
0.00
0.00
0.00
0.00
0.00
0.00
0.00
0.00
0.00
0.00
0.00
0.00
0.00
0.00
0.00
0.00
0.00
0.00
0.00
0.00
0.00
0.00
0.00
0.00
0.00
0.00
0.00
0.00
0.00
0.00
0.00
0.00
0.00
0.00
0.00
0.00
0.00
0.00
0.00
0.00
0.00
0.00
0.00
0.00
0.00
0.00
0.00
0.00
0.00
0.00
0.00
0.00
0.00
0.00
0.00
0.00
0.00
0.00
0.00
0.00
0.00
0.00
0.00
0.00
0.00
0.00
0.00
0.00
0.00
0.00
0.00
0.00
0.00
0.00
0.00
0.00
0.00
0.00
0.00
0.00
0.00
0.00
0.00
0.00
0.00
0.00
0.00
0.00
0.00
0.00
0.00
0.00
0.00
0.00
0.00
0.00
0.00
0.00
0.00
0.00
0.00
0.00
0.00
0.00
0.00
0.00
0.00
0.00
0.00
0.00
0.00
0.00
0.00
0.00
0.00
0.00
0.00
0.00
0.00
0.00
0.00
0.00
0.00
0.00
0.00
0.00
0.00
0.00
0.00
0.00
0.00
0.00
0.00
0.00
0.00
0.00
0.00
0.00
0.00
0.00
0.00
0.00
0.00
0.00
0.00
0.00
0.00
0.00
0.00
0.00
0.00
0.00
0.00
0.00
0.00
0.00
0.00
0.00
0.00
0.00
0.00
0.00
0.00
0.00
0.00
0.00
0.00
0.00
0.00
0.00
0.00
0.00
0.00
0.06
0.06
0.00
0.00
0.06
0.01
0.00
0.07
0.07
0.07
0.07
0.07
0.07
0.06
0.07
0.06
0.05
0.05
0.00
0.05
0.05
0.01
0.05
0.05
0.05
0.05
0.05
0.05
0.05
0.05
0.05
0.05
0.05
0.05
0.05
0.00
0.00
0.00
0.00
0.00
0.00
0.00
0.01
0.00
0.06
0.06
0.00
0.05
0.06
0.00
0.00
0.00
0.00
0.06
0.07
0.06
0.06
0.06
0.07
0.06
0.01
0.05
0.05
0.20
0.06
0.00
0.05
0.00
0.00
0.03
0.01
0.06
0.06
0.00
0.00
0.00
0.00
0.07
0.06
0.05
0.05
0.05
0.05
0.07
0.08
0.02
0.00
0.00
0.00
0.01
0.00
0.06
0.06
0.00
0.06
0.06
0.05
0.01
0.00
0.00
0.04
0.06
0.06
0.06
0.06
0.06
0.06
0.06
0.06
0.06
0.06
0.01
0.05
0.00
0.05
0.05
0.05
0.07
0.11
0.00
0.00
0.07
0.07
0.00
0.06
0.00
0.02
0.06
0.00
0.00
0.00
0.01
0.00
0.06
0.07
0.06
0.01
0.00
0.00
0.07
0.06
0.07
0.07
0.07
0.07
0.07
0.06
0.07
0.06
0.20
0.13
0.13
0.00
0.00
0.00
0.00
0.00
0.06
0.05
0.05
0.00
0.08
0.05
0.06
0.06
0.07
0.06
0.07
0.07
0.07
0.03
0.07
0.07
0.07
0.07
0.07
0.06
0.07
0.04
0.05
0.07
0.06
0.07
0.01
0.00
0.00
0.00
0.06
0.07
0.07
0.01
0.07
0.08
0.07
0.07
0.07
0.07
0.07
0.06
0.00
0.06
0.06
0.00
0.00
0.00
0.00
0.00
0.00
0.00
0.00
0.00
0.00
0.00
0.00
0.00
0.00
0.00
0.00
0.06
0.00
0.06
0.00
0.00
0.00
0.05
0.00
0.06
0.06
0.07
0.07
0.07
0.07
0.06
0.00
0.00
0.02
0.05
0.07
0.07
0.07
0.01
0.01
0.07
0.07
0.04
0.07
0.00
0.07
0.07
0.07
0.07
0.06
0.07
0.07
0.06
0.06
0.00
0.06
0.00
0.00
0.00
0.00
0.00
0.00
0.00
0.06
0.07
0.07
0.06
0.00
0.06
0.06
0.06
0.00
0.00
0.00
0.22
0.24
0.22
0.16
0.16
0.23
0.23
0.23
0.22
0.01
0.01
0.07
0.07
0.05
0.06
0.00
0.00
0.00
0.01
0.05
0.05
0.00
0.00
0.00
0.00
0.00
0.07
0.00
0.00
0.06
0.07
0.06
0.00
0.00
0.00
0.06
0.05
0.05
0.07
0.05
0.07
0.00
0.07
0.05
0.06
0.05
0.00
0.06
0.06
0.00
0.00
0.06
0.07
0.02
0.05
0.06
0.07
0.07
0.00
0.06
0.06
0.06
0.06
0.00
0.00
0.00
0.00
0.00
0.06
0.06
0.00
0.00
0.00
0.00
0.00
0.06
0.00
0.00
0.06
0.05
0.00
0.07
0.06
0.07
0.07
0.07
0.07
0.07
0.05
0.23
0.00
0.11
0.09
0.09
0.08
0.00
0.09
0.08
0.10
0.08
0.08
0.09
0.09
0.09
0.06
0.05
0.05
0.05
0.07
0.08
0.09
0.06
0.11
0.06
0.06
0.09
0.08
0.09
0.13
0.13
0.10
0.04
0.03
0.07
0.08
0.08
0.08
0.08
0.06
0.09
0.08
0.06
0.08
0.08
0.06
0.12
0.12
0.10
0.12
0.05
0.05
0.09
0.12
0.12
0.11
0.11
0.07
0.11
0.10
0.10
0.10
0.10
0.06
0.10
0.05
0.09
0.09
0.09
0.10
0.10
0.09
0.09
0.10
0.09
0.10
0.09
0.10
0.07
0.09
0.07
0.10
0.10
0.10
0.10
0.09
0.09
0.06
0.13
0.13
0.13
0.13
0.13
0.14
0.13
0.13
0.13
0.13
0.09
0.12
0.11
0.10
0.08
0.09
0.07
0.09
0.10
0.09
0.09
0.09
0.09
0.09
0.09
0.09
0.09
0.07
0.09
0.11
0.08
0.11
0.09
0.11
0.10
0.10
0.08
0.10
0.08
0.04
0.04
0.03
0.06
0.06
0.12
0.02
0.04
0.08
0.08
0.08
0.08
0.09
0.09
0.08
0.09
0.09
0.08
0.09
0.06
0.08
0.06
0.06
0.05
0.06
0.06
0.06
0.06
0.07
0.07
0.10
0.10
0.09
0.09
0.09
0.09
0.04
0.04
0.01
0.05
0.05
0.05
0.09
0.09
0.08
0.09
0.08
0.09
0.02
0.05
0.10
0.05
0.02
0.06
0.05
0.08
0.05
0.02
0.10
0.09
0.10
0.05
0.09
0.08
0.09
0.09
0.09
0.09
0.06
0.10
0.10
0.12
0.12
0.07
0.08
0.09
0.09
0.09
0.09
0.12
0.08
0.09
0.08
0.09
0.04
0.04
0.07
0.12
0.08
0.08
0.08
0.07
0.09
0.08
0.08
0.08
0.09
0.07
0.09
0.07
0.10
0.10
0.10
0.10
0.10
0.08
0.00
0.08
0.05
0.08
0.00
0.06
0.09
0.06
0.09
0.00
0.10
0.10
0.10
0.07
0.07
0.09
0.07
0.06
0.10
0.07
0.10
0.09
0.09
0.07
0.07
0.06
0.07
0.10
0.06
0.10
0.10
0.11
0.11
0.07
0.08
0.09
0.09
0.09
0.06
0.06
0.09
0.06
0.07
0.07
0.06
0.07
0.10
0.10
0.07
0.07
0.10
0.07
0.07
0.07
0.07
0.07
0.05
0.04
0.09
0.08
0.09
0.09
0.07
0.07
0.13
0.05
0.06
0.09
0.08
0.05
0.09
0.07
0.09
0.09
0.09
0.11
0.09
0.09
0.13
0.13
0.13
0.06
0.07
0.12
0.11
0.11
0.06
0.13
0.12
0.07
0.06
0.09
0.09
0.06
0.09
0.06
0.06
0.11
0.13
0.12
0.10
0.11
0.06
0.09
0.06
0.09
0.07
0.09
0.09
0.07
0.09
0.09
0.09
0.09
0.09
0.09
0.05
0.07
0.08
0.07
0.05
0.08
0.09
0.05
0.05
0.07
0.07
0.09
0.11
0.10
0.05
0.09
0.10
0.10
0.09
0.13
0.09
0.08
0.10
0.06
0.09
0.05
0.12
0.09
0.02
0.10
0.09
0.09
0.09
0.07
0.09
0.10
0.12
0.07
0.12
0.12
0.08
0.04
0.04
0.04
0.04
0.10
0.10
0.10
0.10
0.09
0.06
0.06
0.06
0.04
0.08
0.08
0.09
0.08
0.10
0.08
0.10
0.10
0.11
0.09
0.07
0.11
0.08
0.10
0.10
0.10
0.09
0.09
0.07
0.10
0.09
0.09
0.07
0.09
0.09
0.02
0.00
0.00
0.06
0.10
0.07
0.04
0.06
0.06
0.06
0.05
0.03
0.04
0.07
0.06
0.04
0.04
0.04
0.04
0.04
0.04
0.10
0.09
0.09
0.10
0.10
0.09
0.09
0.08
0.06
0.09
0.09
0.09
0.00
0.09
0.06
0.09
0.09
0.09
0.08
0.09
0.09
0.09
0.09
0.09
0.09
0.05
0.06
0.05
0.07
0.10
0.09
0.04
0.05
0.13
0.13
0.09
0.09
0.09
0.09
0.09
0.09
0.09
0.06
0.09
0.09
0.09
0.06
0.06
0.09
0.09
0.09
0.09
0.10
0.10
0.10
0.08
0.09
0.09
0.09
0.09
0.09
0.09
0.09
0.08
0.09
0.09
0.11
0.09
0.09
0.09
0.06
0.09
0.09
0.08
0.08
0.11
0.10
0.04
0.03
0.03
0.11
0.04
0.10
0.04
0.04
0.09
0.12
0.09
0.09
0.09
0.10
0.10
0.08
0.07
0.09
0.09
0.08
0.08
0.08
0.08
0.09
0.09
0.04
0.03
0.03
0.03
0.03
0.03
0.08
0.09
0.11
0.11
0.06
0.07
0.06
0.07
0.06
0.06
0.06
0.06
0.06
0.06
0.06
0.07
0.06
0.07
0.07
0.06
0.06
0.08
0.06
0.06
0.07
0.07
0.08
0.09
0.08
0.02
0.11
0.02
0.00
0.06
0.06
0.06
0.06
0.06
0.06
0.06
0.07
0.07
0.07
0.05
0.09
0.09
0.09
0.03
0.07
0.07
0.02
0.07
0.03
0.06
0.09
0.06
0.07
0.09
0.08
0.01
0.13
0.09
0.09
0.10
0.10
0.10
0.00
0.05
0.01
0.01
0.00
0.02
0.08
0.13
0.09
0.09
0.09
0.01
0.08
0.09
0.09
0.09
0.09
0.05
0.05
0.05
0.05
0.09
0.12
0.12
0.12
0.12
0.09
0.09
0.09
0.09
0.09
0.09
0.08
0.09
0.08
0.05
