4728
5056
5064
5048
5164
4944
5132
5000
4820
4764
5032
5228
4780
4964
5116
5116
5160
5220
5052
5008
5240
5184
5000
4712
5068
5140
5088
5100
5208
5148
5128
4860
5140
5060
5160
5128
5092
4848
4828
5228
5152
5176
5116
4904
5092
4784
5160
4984
5008
5212
4652
5152
4980
5108
5084
4708
4952
5220
5032
5144
5188
5160
5132
4744
4796
4988
5208
5060
4996
5092
5068
5128
5140
5152
5136
4768
5136
5152
5192
5112
5232
5164
5056
4932
5016
5204
5044
5060
5100
4760
5144
5124
4952
5016
5208
4920
5132
4952
5184
5388
4960
4960
5128
5048
5096
4832
5136
5200
5196
5104
4960
5072
4804
4840
4956
5204
5140
5160
5060
5036
4788
4956
5056
5044
5008
5020
5128
5056
4756
4920
5048
4796
5228
5112
4760
5060
5128
4924
5140
5152
5020
5124
4852
5092
4820
5312
4784
4920
5004
5140
5140
5240
5232
5204
5072
4872
4820
5012
4772
5072
5092
5012
4996
5016
5052
5104
4792
5164
5132
4984
5116
5036
5092
5164
5012
5104
4992
5160
5104
5016
5236
5144
5064
5104
5152
4728
5064
5068
5060
5048
5168
4964
5168
4816
5064
5072
4888
4792
5148
5060
5144
4932
5100
4724
5028
4956
5312
5136
4728
4820
5000
5004
5012
5012
4972
5092
5160
5028
4768
5224
4812
5048
5052
5040
5124
4716
5200
5196
5152
5004
5084
5152
4964
4936
5092
5216
5092
4772
4824
4936
5024
4956
5212
5072
4940
5344
5128
5088
4876
5120
5068
5144
5120
5160
4896
5152
5076
5164
4848
4904
5060
4960
5272
4972
5168
5024
5032
5084
5004
4916
5164
5064
4784
4996
5088
5040
5124
4996
5096
5108
4904
5032
5080
5104
5268
5044
5332
4988
5316
5068
5116
5044
4888
4892
5136
4900
5084
5068
5156
5184
4868
4876
5016
5100
5192
5176
5064
4776
4820
4964
5156
5072
4804
4980
5028
5172
5172
5172
5024
4856
4748
4876
5136
5096
5060
4952
5160
5032
4944
5116
4848
5188
4864
4712
5180
5012
4988
5044
4960
5068
4888
4904
5004
4964
4952
5156
5132
5072
5084
5044
5148
4964
4788
5048
4804
5096
5024
5080
5156
4952
4776
5072
5024
5016
5088
5144
5104
5088
5140
5096
5172
4916
5060
5128
5076
5020
5108
5172
4908
5096
5192
5096
5020
5020
4748
5004
5052
4876
4972
4780
5160
5128
4964
4788
5032
5064
4936
5136
5012
5196
5092
5152
4996
5212
4912
5036
4948
4820
5088
4964
5072
4992
5060
5232
5060
4920
4788
4864
5060
4684
5148
5020
4896
4932
4980
5164
4940
5236
4988
5044
5000
8224
5728
5248
5224
5096
5352
5248
4976
5224
5396
5192
5232
5080
5104
5196
5260
4972
7056
7252
6800
6628
6860
6852
6740
6688
6980
6856
6948
6720
7188
6988
7068
7048
7124
7264
6844
7044
7064
6832
7020
7144
7552
6676
6844
6900
7404
7140
7292
7252
6940
6980
6936
6532
6668
6480
7156
6648
6800
6772
7020
6968
6676
6864
6636
6872
6576
6800
6836
6848
6812
7100
7200
6688
7100
6864
6844
6828
7232
6744
6960
6644
7068
7024
6972
6972
6760
6976
6840
7048
6964
7100
6884
7100
7132
7008
6932
7124
6916
6920
6884
7200
6884
6928
6948
7152
6744
6884
6656
6680
6688
6988
6828
6968
7304
6912
6784
6876
7004
7136
7096
6732
6920
6936
6720
6836
6996
6704
6720
6868
6928
6944
7024
7036
7020
6804
6708
6892
7056
6820
6864
6904
6900
6832
6996
6828
7264
7260
6780
7208
6708
6620
7136
6976
7392
7392
7200
6760
7148
7124
7176
7004
6824
6976
7168
6912
6948
6372
7024
6972
7068
7080
6748
6932
7112
6916
6896
6844
6860
6984
7256
6656
6800
6908
6644
7112
7260
7168
7020
7016
6928
7248
7124
7288
7308
7360
7288
7008
6988
7088
7340
7168
7204
7248
7104
7328
7104
7204
7128
7052
7340
7140
6756
7384
7356
7308
6412
7184
7096
6152
7040
7308
7028
7440
7328
7408
7068
7108
7224
7220
7340
7136
7240
7156
7304
6948
6748
7196
7292
7084
6836
7684
7272
7312
6900
6680
6756
7112
7056
6964
6932
6968
6808
6948
7004
7072
6980
6720
6936
6292
6836
6824
6692
6684
6632
6820
6840
6912
6436
7032
6976
7172
7008
5996
6684
7016
6604
6700
6388
6728
6692
6612
6472
6852
8856
7340
7452
7120
7360
7268
7408
7476
7300
7600
7220
7268
7228
7192
7432
6920
7712
7008
7424
7552
7428
7396
7400
7340
7040
7360
7184
7076
7472
7492
7296
7344
7464
7336
7252
7332
7780
7176
7652
7448
7300
7352
7552
7448
7688
7496
7492
7404
7380
7476
6984
7512
7568
7916
7248
7776
7536
8884
7384
7060
7228
7948
7504
7336
7356
7792
8072
7232
7176
7596
7916
7532
7376
7444
7444
7692
7480
7344
7616
7768
7880
7200
7404
7400
7856
8032
8072
7192
7360
7212
7472
7860
6976
7372
7464
7268
7300
7364
7312
7256
7140
7452
7256
8992
7100
9024
7356
6812
7408
7384
6372
7920
7576
7268
7288
7448
7256
7348
6064
7748
7576
7628
5704
5708
5760
5536
5820
5700
5464
6068
5788
5724
5352
5672
5476
5756
5652
5768
5484
5748
5704
5572
5792
5396
5732
5652
5692
5440
5584
5800
5824
5584
5380
5784
5776
5656
7516
5796
5636
5780
5448
5628
7192
5668
5620
5752
5732
8196
6892
11528
11624
11708
13328
11604
11728
11224
10940
11520
11132
11588
11688
12292
11812
11536
11244
11408
11256
11088
11760
10956
11124
11108
11836
11744
11892
11356
11204
11156
10972
11860
11576
11216
11760
11412
11084
12856
13168
10932
11596
11564
11952
11212
11072
10584
10272
13300
11472
11560
12956
11932
13124
10984
10436
8976
11948
14528
14696
15152
13824
15332
13992
5896
5980
5464
5880
7092
5984
6248
5968
6084
6408
5944
6240
6648
6316
13896
6420
14216
11148
4708
4868
4760
4908
4804
4808
4932
4824
4724
4740
4908
4804
4728
4844
4588
4876
4896
4880
4916
4948
4584
4736
5716
7472
6808
6744
6640
6948
6720
7204
7228
6880
7100
7612
9964
7624
5464
5492
5428
5748
5416
5744
5916
4884
4940
4956
4980
5552
5060
5156
5912
6692
5740
5148
5300
5312
5296
5300
5044
5184
5152
5064
5200
5224
5152
5104
5096
5320
5300
5376
5036
5356
5404
5116
5096
5204
5052
4964
4936
5028
5236
5484
5128
5248
5276
5300
5016
5000
5160
5116
5256
4760
4680
4968
4884
4900
5168
4712
4932
4900
5376
5116
5132
4964
5072
5260
5004
4820
5212
5164
6136
5132
5952
5304
5536
5636
5852
5204
5096
4832
4908
4912
4968
4880
5104
4904
5156
5128
5040
5044
5180
5388
6204
5328
5028
5672
6988
6028
6296
8516
6876
6328
7516
6216
5932
5240
4852
5400
5356
5276
5156
5352
5052
6336
6704
8712
7732
8620
5264
5356
5060
5860
5552
8848
5428
5876
5672
5252
5600
5440
5496
5980
5156
7000
7488
8576
6796
6136
9344
6652
8688
5980
5804
8600
6008
5384
5768
7268
7588
7556
9892
7828
6600
5440
5628
5652
5816
5652
5544
5820
5648
6216
5792
5900
5400
5752
6232
6432
6324
5808
8308
5748
5548
5744
5572
7900
5860
7248
6856
7932
5784
6988
6388
5820
6900
5516
5856
6964
5600
6856
5764
5800
8180
6588
5728
8088
6632
6468
6192
5104
5284
5308
5148
6776
6832
6636
7012
6900
6460
6872
6952
7420
7460
7464
6564
7424
6544
7216
6496
7528
7384
6368
6128
7580
6784
6568
6652
7504
7620
7116
7516
7308
7264
7380
6368
7292
7456
7276
7452
7200
7668
6312
7576
7288
7484
7156
7476
6332
7456
7332
6576
6308
7352
6524
6496
6420
7500
6584
6036
6180
7272
6416
7340
6496
7204
7608
6600
6532
7460
6776
6620
6368
6560
7508
7524
7336
6396
7312
6396
6008
6140
6172
6084
6112
6080
7512
6140
6192
6104
6024
5944
5836
6012
5952
6520
6112
6640
7316
7456
6624
6808
6460
7448
6660
7456
7360
7364
6540
6776
6044
6256
7344
7412
7792
7412
7276
7240
7188
6272
7456
7136
7572
6196
7260
6364
7380
7212
7316
7164
6560
6232
6660
5812
6116
6504
11592
4928
4888
4704
4936
4908
4844
4848
4840
4944
4944
4728
4828
4908
4924
4720
4840
4600
4868
4796
4760
4832
4916
4920
4892
4952
4756
4856
4932
4888
4824
4700
4924
4852
4868
4548
4892
4760
4856
4908
4964
4560
4740
4920
4920
4936
4948
4736
4764
4920
4876
4700
4928
4896
4852
4772
4912
4696
4832
4688
4912
4596
4904
4936
4864
4872
4872
4736
4824
4768
4824
4824
4784
4708
4920
4868
4916
4920
4896
4704
4960
4872
4908
4692
4792
4580
4560
4712
4740
4960
4792
4892
4812
4832
4820
4912
4716
4700
4844
4568
4908
4808
4832
4688
4748
4708
4768
4840
4600
4888
4824
4860
4656
4692
4808
4448
4792
4660
4768
4624
4700
4452
4688
4796
4444
4804
4588
4584
4836
4712
11860
4772
4764
4740
4684
4536
4768
4868
4724
4592
4740
4632
4732
4732
4432
4416
4848
4832
4812
4620
4760
4732
4808
4824
4732
4636
4636
4752
4692
4852
4816
4848
4796
4480
4456
4720
4740
4832
4728
4844
4724
4792
4732
4608
4684
4748
4836
4564
4800
4712
4736
4640
4752
4528
4688
4392
4860
4400
4584
4428
4852
4792
4760
4460
4652
4748
4808
4580
4824
4460
4508
4448
4572
4832
4724
4624
4760
4848
4840
11256
4780
4728
4652
4392
4692
4672
4692
4724
4856
4680
4852
4804
4880
4808
4816
4700
4768
4736
4740
4448
4396
4780
4716
4532
4760
4636
4728
4868
4448
4816
4652
4452
4568
4800
4620
4556
4400
4512
4696
4648
4872
4772
4800
4736
4688
4464
4748
4660
4864
4824
4660
4780
4868
4688
4840
4544
6624
4788
4756
4856
4800
4704
4840
7372
4792
11408
7128
4684
4684
4592
4752
4772
4744
4796
4756
4888
4836
4784
4696
11252
4760
4816
11284
7160
4680
4908
4424
4732
4832
4840
7284
4788
4824
4680
4792
4628
4708
4448
4680
4864
4732
4776
4860
4832
4816
4488
4816
7236
6948
4756
4716
4688
4436
4772
4440
4628
4844
4644
4836
4616
4580
4892
4596
4708
4728
4680
4696
4912
4512
4808
4736
4752
4780
4960
4700
4420
4780
4732
4400
4612
4844
4772
4568
4712
11572
4808
4796
4824
4796
4644
4804
4692
4740
4548
4824
4792
4788
4688
4800
4500
4456
4756
4648
4796
4760
4588
4788
4700
4808
4760
4724
4680
4612
4872
4748
4740
4596
4912
4808
4616
4756
4740
4744
4752
4820
7324
4832
4828
4912
4684
4676
4896
4668
4848
4848
4664
4696
4656
4592
4528
4764
4708
4812
4800
4676
4728
11228
4652
4764
4760
4752
4640
4492
4760
4800
4532
4848
4608
4852
4812
4980
4736
4588
4764
4960
4716
4756
4844
4848
4528
4800
4760
4688
4844
4724
4516
4536
4808
4676
4776
4840
4816
4780
4780
4692
4636
4752
4696
4816
4480
4788
4656
4704
4636
4848
4780
4852
4844
4752
4848
4688
4720
4876
4804
4884
4652
4852
4480
4704
4724
4852
4888
4700
4520
4844
4628
4888
4888
4824
4900
4768
4760
4756
4816
4644
4908
4796
4672
4800
4852
4836
4596
4916
4796
4740
4504
4592
4832
4916
4884
4856
4960
4872
4708
4840
4592
4980
5204
5264
5276
5272
5252
4636
4984
4936
4832
4992
4880
4636
5000
4952
4948
4908
4940
4856
4908
4992
4980
4976
4912
5080
4888
5080
4968
4896
4828
5152
5108
5064
4716
5128
4808
4856
4568
4832
4840
4804
4684
5144
4752
4896
4864
4656
4748
4788
4652
4856
4896
4872
4692
4876
4764
4840
4828
4768
4648
4748
4744
4792
4468
4820
4788
4828
4760
4524
4868
4760
4684
4692
4752
4788
4840
4864
4804
4856
4844
4824
4772
4852
4724
4808
4820
4808
4528
4792
4752
4860
4812
4844
4760
4804
4768
4824
4868
4928
4572
4568
4800
4796
4672
4764
4704
4608
4840
4792
4844
4800
4896
4828
4788
4824
4868
4740
4600
4516
4844
4912
4784
4500
4800
4844
4680
4792
4784
4680
4696
4516
4880
4856
4852
4680
4680
4644
4840
4792
4676
4852
4764
4808
4600
4800
4768
4628
4728
4792
4508
4812
4800
4696
4480
4860
4700
4816
4808
4824
4808
4640
4520
4700
4512
4804
4780
4756
4860
4836
4672
4676
4516
4780
4860
4888
4896
4836
4680
4764
4856
4700
4836
4852
4508
4920
4700
4812
4672
4848
4888
4824
4724
4880
4728
4900
4852
4888
4788
4528
4916
4808
4920
4876
4928
4868
4724
5104
5312
5180
4964
4820
4708
5020
4860
4700
4728
4968
4920
5036
5020
4816
4832
5232
5148
5300
5260
5160
5332
5272
5292
5248
5144
5020
5240
4672
4816
4740
4772
4800
4876
4832
4808
4872
4884
4832
4828
4820
4660
4496
4816
4704
4812
4624
4504
4756
4808
4740
4844
4912
4824
4552
4512
4856
4792
4736
4644
4840
4876
4692
4900
4664
4848
4780
4860
4748
4856
4548
4772
4676
4512
4864
4692
4824
4732
4836
4692
4900
4856
4788
4788
4860
4652
4884
4768
4808
4712
4824
4768
4880
4856
4848
4884
4712
4880
4916
4548
4812
4540
4768
4700
4796
4628
4856
4676
4764
4860
4704
4848
4896
4860
4684
4808
4700
4764
4912
4764
4860
4688
4760
4720
4788
4756
4692
4768
4824
4556
4504
4716
4816
4828
4792
4904
4788
4820
4864
4868
4844
4520
4812
4840
4852
4884
4852
4900
4760
4640
4716
4904
4852
4920
4792
4680
4764
4784
4828
4792
4756
4516
4668
4832
4652
4760
4756
4864
4668
4548
4772
4920
4880
4856
4772
4620
4776
4780
4788
4784
4540
4676
4548
4496
4524
4856
4820
4676
4892
4668
4728
4680
4852
4800
4808
4776
4848
4776
4740
4684
4816
4904
4912
4828
4828
4800
4796
4816
4856
4876
4832
4820
4872
4764
4804
4880
4676
4776
4868
4488
4884
4884
4832
4888
4800
4784
4864
4808
4876
4472
4556
4704
4788
4912
4864
4880
4532
4780
4556
4796
4740
4820
4856
4928
4524
4688
4840
4696
4872
4876
4652
4532
4712
4644
4860
4720
4696
4664
4752
4636
4784
4832
4828
4788
4908
4824
4700
4716
4836
4772
4680
4820
4724
4864
4720
4788
4692
4872
4892
4536
4820
4836
4860
4812
4732
4796
4696
4712
4808
4688
4832
4912
4772
4728
4704
4552
4708
4512
4704
4772
4552
4916
4516
4864
4756
4892
4864
4756
4808
4660
4784
4868
4896
4724
4808
4680
4704
4756
4792
4768
4876
4812
4860
4544
4828
4764
4760
4816
4652
4704
4700
4856
4796
4432
4796
4812
4836
4828
4908
4692
4480
4448
4636
4680
4684
4868
4816
4696
4496
4676
4784
4864
4912
4692
4812
4832
4728
4852
4648
4856
4504
4548
4664
4636
4508
4672
4856
4788
4840
4664
4812
4756
4804
4532
4828
4788
4656
4524
4508
4644
4852
4812
4872
4760
4724
4832
4764
4552
4868
4852
4852
4868
4556
4876
4556
4724
4748
4780
4852
4832
4860
4904
4820
4756
4672
4776
4856
4768
4836
4828
4760
4920
4868
4524
4848
4520
4816
4828
4816
4748
4688
4492
4860
4556
4816
4828
4536
4768
4792
4756
4800
4900
4908
4868
4752
4784
4860
4864
4812
4712
4896
4872
4804
4844
4840
4852
4688
4828
4852
4724
4816
4832
4864
4824
4716
4712
4760
4872
4824
4756
4760
4864
4748
4848
4832
4804
4720
4512
4708
4828
4760
4752
4528
4680
4880
4892
4884
4748
4704
4908
4464
4796
4876
4776
4540
4760
4792
4896
4672
4892
4640
4864
4676
4700
4852
4852
4804
4844
4516
4824
4660
4748
4772
4708
4648
4688
4772
4688
4872
4904
4900
4872
4708
4836
4796
4916
4792
4476
4752
4680
4856
4752
4792
4752
4816
4816
4780
4660
4760
4856
4792
4808
4908
4768
4860
4484
4572
4756
4852
4804
4908
4692
4812
4760
4828
4860
4660
4760
4860
4864
4704
4872
4528
4792
4820
4812
4804
4868
4888
4704
4748
4864
4776
4720
4836
4684
4732
4808
4884
4672
4864
4504
4792
4656
4876
4824
4884
4696
4524
4908
4732
4844
4812
4880
4512
4692
4628
4816
4864
4552
4716
4900
4656
4836
4544
4876
4908
4716
4648
4792
4852
4864
4688
4704
4664
4784
4516
4524
4820
4876
4924
4824
4784
4824
4764
4820
4872
4848
4816
5136
4824
4548
4876
5160
5004
4840
5120
4828
5004
5148
5056
5028
5116
5124
5140
4956
4908
4732
4996
5104
4932
5032
5012
5080
4800
4952
5108
4940
4996
5048
5044
5084
5024
5156
4744
4564
4768
4684
4792
4928
4716
4920
4860
5064
4792
4756
5072
5140
4524
4704
4912
4860
5072
5108
5024
4968
4816
4828
4900
4820
4756
5040
5308
5072
4932
4916
4852
4732
5020
4592
5028
4776
4864
4760
4944
4740
5148
5116
5092
5028
4756
4712
5132
5184
4616
4760
4548
4692
4876
4880
4800
5084
4528
5052
5024
5048
4720
4812
4740
5044
5104
5028
5200
5152
4824
5124
5056
5004
4964
4820
4848
5032
4516
4932
5000
5060
5092
5180
4720
4604
5080
5072
4832
5124
4536
4960
5128
4932
4540
4884
4756
4784
5200
4860
4828
4748
4848
4872
4800
5040
5064
5140
5096
5084
5004
5108
5104
5120
5280
5224
5260
4816
4548
4876
4880
4916
4764
5056
5116
4836
5028
4936
5032
5168
5128
5168
5068
5168
4960
5000
5136
4788
5144
4948
5140
4920
5036
4752
5076
4792
5196
5144
4872
4844
4576
4880
4940
5148
4840
4896
5064
5236
4880
5208
5068
4968
5104
5088
4860
5088
4992
4716
4904
4556
4852
4836
4844
4500
4804
4784
4712
4928
4856
4904
4932
4900
4684
4952
4744
4956
4924
4888
4528
5056
4724
5044
4992
5100
5180
5020
5072
5132
4932
4756
4984
5088
5068
5112
5184
4764
4856
5040
4844
5072
4952
4556
5128
5120
4968
5016
5148
4796
4940
5044
4988
4564
5012
4572
4888
4924
4780
4884
4920
4756
5148
5200
5192
5008
4896
5064
4940
5016
4900
4732
4804
5452
5256
5400
5308
5288
5248
5232
5216
5388
4760
4872
5164
5184
5028
4948
4892
4912
4904
4912
4772
5060
4900
4744
4896
4692
4664
5128
4768
4860
5104
5036
5144
4864
4912
4820
5112
5036
5136
4944
5024
4984
4524
5052
5116
5132
4952
4572
5036
4940
4572
4772
5088
5196
4988
5040
5140
5064
5076
4920
5056
5120
5092
5008
4816
4556
4596
4776
4584
4960
4988
4852
4876
4836
4720
4604
5052
4912
4556
5040
5156
4872
5116
5112
5116
5168
5052
4976
5104
4936
5364
4676
5032
4852
4976
5048
4764
5088
4860
5128
4976
4816
5216
4988
5164
4912
5064
5084
5056
4800
5112
5148
5040
5044
4724
4940
4872
5152
5112
5212
5284
4872
4840
4936
5144
5184
4964
5052
4856
4784
5192
5112
5124
5016
5204
5000
5180
5120
5032
5272
4876
4956
5188
5008
4876
5188
5160
5024
5196
5176
5084
4864
5204
5112
4888
5092
5184
4984
5132
4884
5248
5216
4996
5000
5052
5268
4980
4864
5132
5168
5204
5104
4864
5176
5144
5108
5168
5056
5088
5232
5088
5040
5164
5268
5056
5272
5008
5148
5132
5064
4916
5192
5108
5040
5200
5184
5236
5124
5240
5240
5048
5224
4864
5036
5104
4984
5152
4988
4840
5232
5004
5192
5200
5168
5124
5240
5092
4956
5016
4660
4948
4936
4936
4840
5072
5144
4984
5144
5008
5216
5184
4808
4848
5072
5076
5128
4896
5172
5172
5044
5068
4876
4768
5072
5092
5044
4908
5176
5056
5140
5168
4876
5144
4856
4888
4748
4924
5120
4928
5128
5172
5188
4824
5132
5000
4804
5004
5016
5120
4612
4896
5012
5176
5048
4820
5172
5128
5208
5072
5132
5160
5148
5124
5144
5184
4712
5172
4884
5064
5104
5040
5200
5148
5180
5084
5140
5224
5188
4860
5012
5228
4904
4888
5108
5232
5152
4784
4956
5040
5172
5008
5084
5052
4804
5084
5224
5076
4836
5084
5156
5152
5040
5156
4824
5188
5048
5112
4836
4996
5220
4924
5068
4692
4828
5208
4996
4952
5092
5048
4944
5092
5040
5032
5192
5104
4828
5156
5004
5020
5072
5120
5076
5252
5012
5232
5232
4984
5140
5088
5136
5040
5108
5012
5084
5156
4804
4828
4748
5176
5184
5148
5200
4820
5252
5112
5020
4968
5036
5040
4944
4960
5200
5144
5264
5132
5008
4792
5148
5100
5108
5160
5196
5080
5012
5140
5204
5068
5040
5088
5044
5168
5240
5220
5220
5008
5108
4820
5024
5028
5100
5132
5256
5148
5100
5160
5268
5164
5188
5156
4992
5160
5184
5184
4832
4864
5156
5148
5060
4860
5056
5168
5212
5080
4948
5072
5136
5176
5096
5060
4984
5064
4960
5124
4992
5080
4864
5100
5084
4800
5132
5068
5056
5148
5076
5172
5160
5224
5096
5184
5004
5076
4984
5056
4984
5088
5188
5116
4952
5012
5216
4984
4856
5136
4832
5064
5036
5036
5064
5224
5104
4720
4684
5072
5080
4836
5016
5040
5196
5032
4992
5088
4960
4996
5100
4984
4844
5032
5112
5164
5156
5020
5180
5064
5068
5176
5140
5224
5216
5196
5164
5028
4736
4860
5236
5188
5128
5068
5140
4992
4776
4672
5120
5156
5088
5044
4712
4936
5000
5056
5056
4900
4752
5104
5096
4968
4716
4964
4892
5008
5176
5240
5232
5176
5036
5016
5184
4980
4972
5188
5076
5096
4796
5028
4996
5204
5016
4860
5128
4856
5000
5120
5032
5172
4808
5052
5124
4856
5104
4872
5208
5080
5040
5172
5156
5160
4976
4788
5208
5152
5108
5088
4912
5124
4832
5116
4940
4888
5256
5168
5192
5236
5224
5076
5256
5140
5172
4844
5032
5040
5136
5080
5180
4992
5176
5084
5064
5164
5128
4852
5096
4884
5192
5188
5060
5144
4832
4948
4696
5036
5044
5012
5168
5072
4752
4996
5184
5120
5196
5196
5116
5100
5128
5040
5148
5216
5148
5164
5112
5116
5168
5196
4924
5044
4844
5008
5028
4688
4972
5112
5228
5216
5076
4792
5052
4988
5168
5036
5036
4952
5072
5132
5100
5152
5008
5056
5156
5080
5092
5120
5160
5048
5096
5140
5220
5192
5116
4896
5192
4924
4548
5032
5008
5056
5024
4980
5132
4784
5108
5128
5100
5072
5212
5104
4820
4828
4940
5104
5020
5128
4768
4992
5104
5120
5156
5292
5152
4932
5248
5176
5160
5112
5060
5220
4876
5024
4912
4848
4692
4988
4960
5204
5172
5248
5092
4792
4816
5212
5108
5128
4788
5048
4884
4904
4900
5216
5044
5040
5228
5044
4816
5056
5232
5128
5040
5072
5064
5028
5188
4764
