0.00	4860
0.00	4656
0.00	4692
0.00	4808
0.00	4448
0.00	4792
0.00	4660
0.00	4768
0.00	4624
0.00	4700
0.00	4452
0.00	4688
0.00	4796
0.00	4444
0.00	4804
0.00	4588
0.00	4584
0.00	4836
0.00	4712
9.04	11860
0.00	4772
0.00	4764
0.00	4740
0.00	4684
0.00	4536
0.00	4768
0.00	4868
0.00	4724
0.00	4592
0.00	4740
0.00	4632
0.00	4732
0.00	4732
0.00	4432
0.00	4416
0.00	4848
0.00	4832
0.00	4812
0.00	4620
0.00	4760
0.00	4732
0.00	4808
0.00	4824
0.00	4732
0.00	4636
0.00	4636
0.00	4752
0.00	4692
0.00	4852
0.00	4816
0.00	4848
0.00	4796
0.00	4480
0.00	4456
0.00	4720
0.00	4740
0.00	4832
0.00	4728
0.00	4844
0.00	4724
0.00	4792
0.00	4732
0.00	4608
0.00	4684
0.00	4748
0.00	4836
0.00	4564
0.00	4800
0.00	4712
0.00	4736
0.00	4640
0.00	4752
0.00	4528
0.00	4688
0.00	4392
0.00	4860
0.00	4400
0.00	4584
0.00	4428
0.00	4852
0.00	4792
0.00	4760
0.00	4460
0.00	4652
0.00	4748
0.00	4808
0.00	4580
0.00	4824
0.00	4460
0.00	4508
0.00	4448
0.00	4572
0.00	4832
0.00	4724
0.00	4624
0.00	4760
0.00	4848
0.00	4840
7.86	11256
0.00	4780
0.00	4728
0.00	4652
0.00	4392
0.00	4692
0.00	4672
0.00	4692
0.00	4724
0.00	4856
0.00	4680
0.00	4852
0.00	4804
0.00	4880
0.00	4808
0.00	4816
0.00	4700
0.00	4768
0.00	4736
0.00	4740
0.00	4448
0.00	4396
0.00	4780
0.00	4716
0.00	4532
0.00	4760
0.00	4636
0.00	4728
0.00	4868
0.00	4448
0.00	4816
0.00	4652
0.00	4452
0.00	4568
0.00	4800
0.00	4620
0.00	4556
0.00	4400
0.00	4512
0.00	4696
0.00	4648
0.00	4872
0.00	4772
0.00	4800
0.00	4736
0.00	4688
0.00	4464
0.00	4748
0.00	4660
0.00	4864
0.00	4824
0.00	4660
0.00	4780
0.00	4868
0.00	4688
0.00	4840
0.00	4544
1.42	6624
0.00	4788
0.00	4756
0.00	4856
0.00	4800
0.00	4704
0.00	4840
2.22	7372
0.00	4792
8.12	11408
2.21	7128
0.00	4684
0.00	4684
0.00	4592
0.00	4752
0.00	4772
0.01	4744
0.00	4796
0.00	4756
0.01	4888
0.00	4836
0.00	4784
0.00	4696
8.05	11252
0.00	4760
0.00	4816
8.05	11284
2.28	7160
0.00	4680
0.00	4908
0.00	4424
0.00	4732
0.00	4832
0.00	4840
2.05	7284
0.00	4788
0.00	4824
0.00	4680
0.00	4792
0.00	4628
0.00	4708
0.00	4448
0.00	4680
0.00	4864
0.00	4732
0.00	4776
0.00	4860
0.01	4832
0.00	4816
0.00	4488
0.00	4816
2.23	7236
2.24	6948
0.00	4756
0.00	4716
0.00	4688
0.00	4436
0.00	4772
0.00	4440
0.00	4628
0.00	4844
0.00	4644
0.00	4836
0.00	4616
0.00	4580
0.00	4892
0.00	4596
0.00	4708
0.00	4728
0.00	4680
0.00	4696
0.00	4912
0.00	4512
0.00	4808
0.00	4736
0.05	4752
0.00	4780
0.07	4960
0.00	4700
0.00	4420
0.00	4780
0.00	4732
0.00	4400
0.00	4612
0.00	4844
0.00	4772
0.00	4568
0.00	4712
8.30	11572
0.00	4808
0.00	4796
0.00	4824
0.00	4796
0.00	4644
0.00	4804
0.00	4692
0.00	4740
0.00	4548
0.00	4824
0.00	4792
0.00	4788
0.00	4688
0.00	4800
0.00	4500
0.00	4456
0.00	4756
0.00	4648
0.00	4796
0.00	4760
0.00	4588
0.00	4788
0.00	4700
0.00	4808
0.00	4760
0.00	4724
0.00	4680
0.00	4612
0.00	4872
0.00	4748
0.00	4740
0.00	4596
0.00	4912
0.00	4808
0.00	4616
0.00	4756
0.00	4740
0.00	4744
0.00	4752
0.00	4820
2.19	7324
0.00	4832
0.00	4828
0.00	4912
0.00	4684
0.00	4676
0.00	4896
0.00	4668
0.00	4848
0.00	4848
0.00	4664
0.00	4696
0.00	4656
0.00	4592
0.00	4528
0.00	4764
0.00	4708
0.00	4812
0.00	4800
0.00	4676
0.00	4728
8.07	11228
0.00	4652
0.00	4764
0.00	4760
0.00	4752
0.00	4640
0.00	4492
0.00	4760
0.00	4800
0.00	4532
0.00	4848
0.00	4608
0.00	4852
0.00	4812
0.01	4980
0.00	4736
0.00	4588
0.00	4764
0.01	4960
0.00	4716
0.00	4756
0.00	4844