0.04
0.04
0.07
0.07
0.09
0.07
0.08
0.08
0.03
0.07
0.06
0.12
0.06
0.08
0.06
0.11
0.08
0.12
0.06
0.11
0.16
0.13
0.13
0.04
0.14
0.09
0.13
0.13
0.13
0.13
0.14
0.13
0.10
0.06
0.10
0.12
0.09
0.08
0.12
0.12
0.08
0.15
0.11
0.08
0.06
0.07
0.11
0.03
0.12
0.12
0.03
0.09
0.12
0.14
0.08
0.04
0.12
0.12
0.08
0.08
0.12
0.09
0.09
0.07
0.12
0.11
0.11
0.05
0.12
0.11
0.11
0.12
0.10
0.16
0.10
0.06
0.06
0.08
0.11
0.07
0.10
0.09
0.08
0.06
0.06
0.14
0.06
0.04
0.08
0.06
0.10
0.07
0.06
0.06
0.10
0.06
0.09
0.14
0.16
0.19
0.05
0.09
0.09
0.06
0.11
0.07
0.11
0.11
0.08
0.12
0.08
0.06
0.08
0.04
0.06
0.08
0.09
0.07
0.06
0.06
0.05
0.06
0.05
0.06
0.06
0.08
0.09
0.06
0.06
0.08
0.06
0.08
0.09
0.07
0.07
0.05
0.08
0.10
0.08
0.10
0.08
0.09
0.10
0.11
0.09
0.16
0.07
0.07
0.07
0.07
0.09
0.08
0.15
0.10
0.05
0.05
0.03
0.08
0.06
0.08
0.08
0.07
0.09
0.10
0.09
0.07
0.06
0.08
0.08
0.08
0.09
0.08
0.07
0.08
0.06
0.08
0.08
0.13
0.09
0.08
0.11
0.12
0.10
0.14
0.09
0.06
0.04
0.14
0.06
0.11
0.14
0.04
0.14
0.08
0.04
0.08
0.07
0.06
0.06
0.11
0.07
0.06
0.06
0.06
0.06
0.03
0.15
0.16
0.04
0.08
0.07
0.05
0.06
0.05
0.05
0.07
0.09
0.20
0.08
0.09
0.13
0.06
0.06
0.05
0.07
0.06
0.12
0.11
0.11
0.07
0.07
0.10
0.08
0.07
0.06
0.09
0.07
0.06
0.09
0.08
0.10
0.09
0.09
0.13
0.02
0.21
0.08
0.05
0.12
0.08
0.04
0.11
0.06
0.08
0.07
0.11
0.08
0.06
0.08
0.06
0.06
0.06
0.11
0.08
0.08
0.08
0.08
0.07
0.07
0.07
0.07
0.08
0.07
0.06
0.12
0.09
0.09
0.10
0.07
0.08
0.07
0.16
0.06
0.08
0.12
0.05
0.19
0.12
0.15
0.08
0.10
0.07
0.12
0.09
0.09
0.12
0.12
0.09
0.09
0.11
0.10
0.11
0.09
0.18
0.12
0.12
0.12
0.08
0.08
0.05
0.09
0.09
0.10
0.12
0.07
0.09
0.06
0.13
0.11
0.12
0.06
0.12
0.13
0.06
0.07
0.09
0.13
0.04
0.05
0.07
0.04
0.10
0.11
0.05
0.09
0.10
0.09
0.04
0.06
0.04
0.11
0.07
0.08
0.09
0.07
0.09
0.06
0.06
0.09
0.06
0.07
0.08
0.06
0.06
0.10
0.09
0.08
0.07
0.07
0.08
0.06
0.06
0.08
0.07
0.06
0.07
0.08
0.07
0.08
0.06
0.13
0.06
0.06
0.07
0.06
0.06
0.08
0.08
0.06
0.08
0.12
0.06
0.08
0.06
0.07
0.06
0.04
0.06
0.07
0.07
0.08
0.07
0.06
0.08
0.12
0.08
0.05
0.07
0.07
0.08
0.06
0.09
0.09
0.09
0.05
0.11
0.04
0.07
0.07
0.06
0.08
0.11
0.06
0.12
0.08
0.04
0.08
0.10
0.06
0.04
0.06
0.06
0.06
0.09
0.10
0.09
0.08
0.11
0.03
0.05
0.07
6.38
0.78
0.25
0.22
0.17
0.22
0.21
0.17
0.19
0.26
0.16
0.16
0.12
0.12
0.12
0.30
0.21
2.12
2.14
2.00
2.00
2.03
2.04
2.09
2.07
2.12
2.08
2.06
2.04
2.12
2.06
2.20
2.13
2.15
2.10
1.99
2.05
2.06
2.00
2.10
2.09
2.45
2.17
1.89
2.08
2.36
2.17
2.31
2.37
2.15
2.09
2.08
1.95
1.88
1.86
2.25
2.28
2.29
1.95
2.28
2.30
1.91
2.20
2.01
2.13
1.65
1.89
1.98
2.00
2.17
2.30
2.31
2.00
2.16
1.98
2.08
2.02
2.24
1.98
2.17
2.16
2.05
2.34
2.16
2.32
2.31
2.31
2.32
2.33
2.67
2.28
2.12
2.35
2.35
2.12
2.01
2.29
2.23
2.17
2.17
2.36
2.09
2.27
2.28
2.27
1.99
2.14
2.00
1.92
1.89
2.14
2.12
2.22
2.28
2.17
1.93
2.08
2.14
2.20
2.21
2.11
2.30
2.04
2.04
2.03
2.13
2.15
1.98
1.95
1.98
2.17
2.19
2.14
2.28
2.12
2.13
2.01
1.98
1.86
2.14
2.20
2.09
2.22
2.23
2.19
2.43
2.44
2.11
2.18
1.83
2.05
2.17
2.02
2.43
2.43
2.24
2.03
2.11
2.31
2.29
2.29
1.93
2.08
2.27
2.05
2.09
1.52
2.15
2.30
2.27
2.23
2.14
2.02
2.23
2.27
2.01
2.06
1.99
2.16
2.28
1.91
2.17
2.18
2.01
2.30
2.14
2.32
2.23
2.29
2.30
2.26
2.29
2.30
2.26
2.29
2.30
2.05
2.13
2.26
2.31
2.26
2.27
2.13
2.31
2.26
2.13
2.28
2.16
2.17
2.26
2.19
2.05
2.31
2.31
2.28
1.52
2.26
2.30
1.45
2.28
2.33
2.13
2.34
2.29
2.34
2.26
2.31
2.16
2.15
2.17
2.18
2.19
2.24
2.30
2.09
2.10
2.09
2.33
2.32
2.35
2.34
2.24
2.24
1.97
1.99
2.27
2.28
2.29
2.01
2.00
2.02
2.04
2.09
2.14
2.17
2.33
2.04
2.09
2.01
2.11
2.13
2.13
2.05
2.07
2.06
2.10
2.13
2.03
2.26
2.09
2.16
2.09
1.98
2.15
2.14
2.06
2.16
2.10
2.22
1.90
2.09
2.10
2.08
5.43
3.16
3.14
3.07
3.30
3.19
3.23
3.59
2.98
3.30
3.20
3.35
2.96
2.63
3.04
2.62
3.73
2.95
3.20
3.92
3.16
3.16
3.18
3.00
2.97
3.09
3.06
2.82
3.20
3.16
3.23
3.25
3.25
3.28
3.04
3.26
4.00
3.36
3.58
3.62
3.17
3.30
3.27
3.22
2.12
3.31
3.33
3.25
3.15
3.28
3.09
3.26
3.22
3.45
3.22
3.40
3.45
4.98
3.26
2.96
3.20
3.45
3.25
3.34
3.17
3.96
4.13
3.04
3.05
3.27
3.45
3.16
3.15
3.17
3.15
3.27
3.15
3.29
3.32
4.40
4.70
3.20
3.15
3.32
4.29
4.97
4.68
3.12
3.03
3.15
3.41
3.46
3.04
3.28
3.28
3.19
3.34
3.29
3.02
3.16
3.13
3.25
3.27
5.20
3.00
5.52
3.22
2.40
3.23
3.16
1.83
3.79
3.35
3.14
3.16
3.15
3.20
3.15
1.49
3.26
3.26
3.25
0.67
0.61
0.67
0.64
0.72
0.65
0.47
1.42
0.66
0.70
0.67
0.61
0.67
0.64
0.64
0.61
0.61
0.64
0.66
0.64
0.65
0.63
0.69
0.69
0.67
0.67
0.66
0.69
0.69
0.64
0.64
0.67
0.66
0.63
3.46
0.67
0.64
0.70
0.71
0.64
3.89
0.63
0.67
0.64
0.66
3.82
2.12
8.76
8.83
8.79
10.17
9.11
8.97
8.72
8.41
8.94
9.08
9.01
9.06
9.80
9.02
9.01
8.72
8.67
8.73
8.72
9.00
8.87
9.09
8.82
8.87
8.78
9.09
8.92
8.71
8.83
9.33
9.06
9.31
8.92
8.93
9.01
9.10
10.75
10.78
8.97
8.94
8.87
9.16
8.10
8.55
7.93
7.43
11.21
9.17
9.24
9.94
9.51
9.24
8.63
8.63
7.93
9.20
14.10
9.80
13.89
17.32
22.01
14.44
0.99
1.15
1.09
0.93
3.33
1.62
1.87
1.01
1.47
1.83
1.25
1.54
2.06
1.71
19.76
2.18
13.65
8.82
0.01
0.01
0.01
0.01
0.00
0.01
0.01
0.01
0.01
0.01
0.01
0.01
0.00
0.01
0.00
0.01
0.01
0.01
0.01
0.01
0.01
0.01
0.78
2.24
2.04
2.08
2.08
2.16
2.18
2.08
3.04
1.90
2.36
3.30
7.81
3.30
0.36
0.44
0.39
0.67
0.29
0.95
1.00
0.05
0.11
0.05
0.04
0.44
0.05
0.20
0.98
3.01
0.75
0.08
0.25
0.25
0.25
0.21
0.25
0.17
0.15
0.13
0.15
0.15
0.13
0.10
0.10
0.19
0.20
0.23
0.18
0.21
0.26
0.07
0.07
0.22
0.06
0.05
0.05
0.06
0.22
0.36
0.18
0.16
0.22
0.16
0.12
0.14
0.14
0.17
0.12
0.05
0.03
0.03
0.04
0.04
0.09
0.03
0.16
0.16
0.27
0.16
0.12
0.11
0.12
0.16
0.13
0.11
0.15
0.12
1.23
0.12
0.91
0.19
0.54
0.84
1.11
0.24
0.16
0.04
0.03
0.05
0.05
0.04
0.11
0.16
0.15
0.16
0.16
0.16
0.14
0.28
1.79
0.65
0.06
0.68
3.08
1.34
2.14
6.92
3.45
2.03
4.47
1.81
1.42
0.35
0.11
0.35
0.28
0.35
0.40
0.34
0.09
1.86
2.99
5.73
3.68
6.17
0.59
0.49
0.33
0.63
0.53
6.90
0.36
0.89
1.28
0.40
0.52
0.51
0.51
0.86
0.43
3.36
4.53
7.18
2.30
0.98
7.49
2.00
6.00
1.34
0.87
5.81
0.86
0.33
0.74
3.19
3.25
3.33
6.43
3.59
2.41
0.44
0.71
0.60
0.68
0.67
0.63
0.69
0.64
1.77
0.68
0.70
0.63
0.63
1.32
2.14
1.99
0.64
3.97
0.67
0.69
0.71
0.64
3.82
1.18
3.37
2.13
3.57
0.66
3.11
2.00
0.65
2.23
0.55
1.40
2.63
0.65
2.67
0.70
0.70
3.87
2.80
0.65
3.79
2.72
2.64
0.96
0.17
0.23
0.20
0.20
2.08
2.21
1.92
2.22
2.17
1.59
2.33
2.10
3.32
3.33
3.23
1.67
3.18
1.82
3.20
1.66
3.18
3.29
1.82
1.51
3.15
1.74
1.77
1.90
3.17
3.18
2.97
3.17
3.22
3.25
3.29
1.76
3.25
3.31
3.28
3.07
3.25
3.26
1.64
3.22
3.32
3.25
3.23
3.24
1.67
3.26
3.26
2.07
1.58
3.23
1.71
1.78
1.52
3.22
1.68
1.39
1.54
3.25
1.63
3.26
1.58
3.24
3.21
1.70
1.60
3.20
1.60
1.71
1.66
1.57
3.28
3.33
3.26
1.56
3.17
1.59
1.59
1.49
1.50
1.45
1.47
1.45
3.18
1.50
1.52
1.50
1.45
1.45
1.38
1.38
1.40
1.74
1.48
1.55
3.26
3.15
1.58
2.10
1.69
3.28
1.77
3.18
3.26
3.18
1.59
1.63
1.35
1.63
3.21
3.27
3.51
3.20
3.10
3.07
3.25
1.63
3.31
3.23
3.34
1.75
3.27
1.66
3.26
3.03
3.23
3.29
1.89
1.41
1.70
1.44
1.50
1.79
8.81
0.01
0.01
0.01
0.01
0.01
0.01
0.01
0.01
0.01
0.01
0.01
0.00
0.01
0.01
0.01
0.01
0.01
0.01
0.01
0.01
0.01
0.01
0.01
0.01
0.01
0.01
0.01
0.00
0.01
0.01
0.01
0.01
0.01
0.01
0.01
0.01
0.01
0.01
0.01
0.01
0.01
0.01
0.01
0.01
0.01
0.01
0.01
0.01
0.01
0.01
0.01
0.01
0.01
0.01
0.01
0.01
0.01
0.01
0.01
0.01
0.01
0.01
0.01
0.01
0.01
0.01
0.01
0.01
0.01
0.01
0.01
0.01
0.01
0.01
0.01
0.01
0.01
0.01
0.01
0.01
0.01
0.01
0.01
0.01
0.01
0.01
0.01
0.01
0.01
0.01
0.01
0.01
0.01
0.01
0.01
0.01
0.01
0.01
0.01
0.01
0.01
0.01
0.01
0.01
0.01
0.01
0.01
0.01
0.01
0.01
0.00
0.00
0.00
0.00
0.00
0.00
0.00
0.00
0.00
0.00
0.00
0.00
0.00
0.00
0.00
0.00
0.00
0.00
0.00
9.04
0.00
0.00
0.00
0.00
0.00
0.00
0.00
0.00
0.00
0.00
0.00
0.00
0.00
0.00
0.00
0.00
0.00
0.00
0.00
0.00
0.00
0.00
0.00
0.00
0.00
0.00
0.00
0.00
0.00
0.00
0.00
0.00
0.00
0.00
0.00
0.00
0.00
0.00
0.00
0.00
0.00
0.00
0.00
0.00
0.00
0.00
0.00
0.00
0.00
0.00
0.00
0.00
0.00
0.00
0.00
0.00
0.00
0.00
0.00
0.00
0.00
0.00
0.00
0.00
0.00
0.00
0.00
0.00
0.00
0.00
0.00
0.00
0.00
0.00
0.00
0.00
0.00
0.00
7.86
0.00
0.00
0.00
0.00
0.00
0.00
0.00
0.00
0.00
0.00
0.00
0.00
0.00
0.00
0.00
0.00
0.00
0.00
0.00
0.00
0.00
0.00
0.00
0.00
0.00
0.00
0.00
0.00
0.00
0.00
0.00
0.00
0.00
0.00
0.00
0.00
0.00
0.00
0.00
0.00
0.00
0.00
0.00
0.00
0.00
0.00
0.00
0.00
0.00
0.00
0.00
0.00
0.00
0.00
0.00
0.00
1.42
0.00
0.00
0.00
0.00
0.00
0.00
2.22
0.00
8.12
2.21
0.00
0.00
0.00
0.00
0.00
0.01
0.00
0.00
0.01
0.00
0.00
0.00
8.05
0.00
0.00
8.05
2.28
0.00
0.00
0.00
0.00
0.00
0.00
2.05
0.00
0.00
0.00
0.00
0.00
0.00
0.00
0.00
0.00
0.00
0.00
0.00
0.01
0.00
0.00
0.00
2.23
2.24
0.00
0.00
0.00
0.00
0.00
0.00
0.00
0.00
0.00
0.00
0.00
0.00
0.00
0.00
0.00
0.00
0.00
0.00
0.00
0.00
0.00
0.00
0.05
0.00
0.07
0.00
0.00
0.00
0.00
0.00
0.00
0.00
0.00
0.00
0.00
8.30
0.00
0.00
0.00
0.00
0.00
0.00
0.00
0.00
0.00
0.00
0.00
0.00
0.00
0.00
0.00
0.00
0.00
0.00
0.00
0.00
0.00
0.00
0.00
0.00
0.00
0.00
0.00
0.00
0.00
0.00
0.00
0.00
0.00
0.00
0.00
0.00
0.00
0.00
0.00
0.00
2.19
0.00
0.00
0.00
0.00
0.00
0.00
0.00
0.00
0.00
0.00
0.00
0.00
0.00
0.00
0.00
0.00
0.00
0.00
0.00
0.00
8.07
0.00
0.00
0.00
0.00
0.00
0.00
0.00
0.00
0.00
0.00
0.00
0.00
0.00
0.01
0.00
0.00
0.00
0.01
0.00
0.00
0.00
0.00
0.00
0.00
0.00
0.00
0.00
0.00
0.00
0.00
0.00
0.00
0.00
0.00
0.00
0.00
0.00
0.00
0.00
0.00
0.00
0.00
0.00
0.00
0.00
0.00
0.00
0.00
0.00
0.00
0.00
0.00
0.00
0.00
0.00
0.00
0.00
0.00
0.00
0.00
0.00
0.00
0.00
0.00
0.00
0.00
0.00
0.00
0.00
0.00
0.00
0.00
0.00
0.00
0.00
0.00
0.00
0.00
0.00
0.00
0.00
0.00
0.00
0.00
0.00
0.00
0.00
0.00
0.00
0.00
0.00
0.00
0.01
0.00
0.00
0.00
0.00
0.00
0.00
0.18
0.16
0.17
0.23
0.18
0.18
0.02
0.01
0.02
0.03
0.02
0.02
0.02
0.02
0.01
0.01
0.01
0.01
0.02
0.03
0.03
0.03
0.03
0.03
0.07
0.06
0.07
0.04
0.04
0.09
0.09
0.09
0.09
0.11
0.09
0.00
0.00
0.00
0.00
0.00
0.00
0.00
0.08
0.00
0.00
0.00
0.00
0.00
0.00
0.00
0.00
0.00
0.00
0.00
0.00
0.00
0.00
0.00
0.00
0.00
0.00
0.00
0.00
0.00
0.00
0.00
0.00
0.00
0.00
0.00
0.00
0.00
0.00
0.00
0.00
0.00
0.00
0.00
0.00
0.00
0.00
0.00
0.00
0.00
0.00
0.00
0.00
0.00
0.01
0.00
0.00
0.00
0.01
0.00
0.00
0.00
0.00
0.00
0.00
0.00
0.00
0.00
0.00
0.00
0.00
0.00
0.00
0.00
0.00
0.00
0.00
0.00
0.00
0.00
0.00
0.00
0.00
0.00
0.00
0.00
0.00
0.00
0.00
0.00
0.00
0.00
0.00
0.00
0.00
0.00
0.00
0.00
0.00
0.00
0.00
0.00
0.00
0.00
0.00
0.00
0.00
0.00
0.00
0.00
0.00
0.00
0.00
0.00
0.00
0.00
0.00
0.00
0.00
0.00
0.00
0.00
0.00
0.00
0.00
0.00
0.00
0.00
0.00
0.00
0.00
0.00
0.00
0.00
0.00
0.00
0.00
0.00
0.00
0.00
0.00
0.00
0.00
0.00
0.00
0.00
0.00
0.00
0.00
0.00
0.00
0.00
0.00
0.00
0.00
0.00
0.00
0.00
0.00
0.00
0.00
0.00
0.00
0.00
0.00
0.00
0.00
0.00
0.00
0.00
0.00
0.00
0.20
0.23
0.22
0.22
0.00
0.00
0.03
0.04
0.04
0.04
0.04
0.04
0.04
0.03
0.03
0.04
0.25
0.24
0.25
0.24
0.24
0.24
0.24
0.23
0.23
0.23
0.25
0.25
0.00
0.00
0.00
0.00
0.00
0.00
0.00
0.00
0.00
0.00
0.00
0.00
0.00
0.00
0.00
0.00
0.00
0.00
0.00
0.00
0.00
0.00
0.00
0.00
0.00
0.00
0.00
0.00
0.00
0.00
0.00
0.00
0.00
0.00
0.00
0.00
0.00
0.00
0.00
0.00
0.00
0.00
0.00
0.00
0.00
0.00
0.00
0.00
0.00
0.00
0.00
0.00
0.00
0.00
0.00
0.00
0.00
0.00
0.00
0.00
0.00
0.00
0.00
0.00
0.00
0.00
0.00
0.00
0.00
0.00
0.00
0.00
0.00
0.00
0.00
0.00
0.00
0.00
0.00
0.00
0.00
0.00
0.00
0.00
0.00
0.00
0.00
0.00
0.00
0.00
0.00
0.00
0.00
0.00
0.00
0.00
0.00
0.00
0.00
0.00
0.00
0.00
0.00
0.00
0.00
0.00
0.00
0.00
0.00
0.00
0.00
0.00
0.00
0.00
0.00
0.00
0.00
0.00
0.00
0.00
0.00
0.00
0.00
0.00
0.00
0.00
0.00
0.00
0.00
0.00
0.00
0.00
0.00
0.00
0.00
0.00
0.00
0.00
0.00
0.00
0.00
0.00
0.00
0.00
0.00
0.00
0.00
0.00
0.00
0.00
0.00
0.00
0.00
0.00
0.00
0.00
0.00
0.00
0.00
0.00
0.00
0.00
0.00
0.00
0.00
0.00
0.00
0.00
0.00
0.00
0.00
0.00
0.00
0.00
0.00
0.00
0.00
0.00
0.00
0.00
0.00
0.00
0.00
0.00
0.00
0.00
0.00
0.00
0.00
0.00
0.00
0.00
0.00
0.00
0.00
0.00
0.00
0.00
0.00
0.00
0.00
0.00
0.00
0.00
0.00
0.00
0.00
0.00
0.00
0.00
0.00
0.00
0.00
0.00
0.00
0.00
0.00
0.00
0.00
0.00
0.00
0.00
0.00
0.00
0.00
0.00
0.00
0.00
0.00
0.00
0.00
0.00
0.00
0.00
0.00
0.00
0.00
0.00
0.00
0.00
0.00
0.00
0.00
0.00
0.00
0.00
0.00
0.00
0.00
0.00
0.00
0.00
0.00
0.00
0.00
0.00
0.00
0.00
0.00
0.00
0.00
0.00
0.00
0.00
0.00
0.00
0.00
0.00
0.00
0.00
0.00
0.00
0.00
0.00
0.00
0.00
0.00
0.00
0.00
0.00
0.00
0.00
0.00
0.00
0.00
0.00
0.00
0.00
0.00
0.00
0.00
0.00
0.00
0.00
0.00
0.00
0.00
0.00
0.00
0.00
0.00
0.00
0.00
0.00
0.00
0.00
0.00
0.00
0.00
0.00
0.00
0.00
0.00
0.00
0.00
0.00
0.00
0.00
0.00
0.00
0.00
0.00
0.00
0.00
0.00
0.00
0.00
0.00
0.00
0.00
0.00
0.00
0.00
0.00
0.00
0.00
0.00
0.00
0.00
0.00
0.00
0.00
0.00
0.00
0.00
0.00
0.00
0.00
0.00
0.00
0.00
0.00
0.00
0.00
0.00
0.00
0.00
0.00
0.00
0.00
0.00
0.00
0.00
0.00
0.00
0.00
0.00
0.00
0.00
0.00
0.00
0.00
0.00
0.00
0.00
0.00
0.00
0.00
0.00
0.00
0.00
0.00
0.00
0.00
0.00
0.00
0.00
0.00
0.00
0.00
0.00
0.00
0.00
0.00
0.00
0.00
0.00
0.00
0.00
0.00
0.00
0.00
0.00
0.00
0.00
0.00
0.00
0.00
0.00
0.00
0.00
0.00
0.00
0.00
0.00
0.00
0.00
0.00
0.00
0.00
0.00
0.00
0.00
0.00
0.00
0.00
0.00
0.00
0.00
0.00
0.00
0.00
0.00
0.00
0.00
0.00
0.00
0.00
0.00
0.00
0.00
0.00
0.00
0.00
0.00
0.00
0.00
0.00
0.00
0.00
0.00
0.00
0.00
0.00
0.00
0.00
0.00
0.00
0.00
0.00
0.00
0.00
0.00
0.00
0.00
0.00
0.00
0.00
0.00
0.00
0.00
0.00
0.00
0.00
0.00
0.00
0.00
0.00
0.00
0.00
0.00
0.00
0.00
0.00
0.00
0.00
0.00
0.00
0.00
0.00
0.00
0.00
0.00
0.00
0.00
0.00
0.00
0.00
0.00
0.00
0.00
0.00
0.00
0.00
0.00
0.00
0.00
0.00
0.00
0.00
0.00
0.00
0.00
0.00
0.00
0.00
0.00
0.00
0.00
0.00
0.00
0.00
0.00
0.00
0.00
0.00
0.00
0.00
0.00
0.00
0.00
0.00
0.00
0.00
0.00
0.00
0.00
0.00
0.00
0.00
0.00
0.00
0.00
0.00
0.00
0.00
0.00
0.00
0.00
0.00
0.00
0.00
0.00
0.00
0.00
0.00
0.00
0.00
0.00
0.00
0.00
0.00
0.00
0.00
0.00
0.00
0.00
0.00
0.00
0.00
0.00
0.00
0.00
0.00
0.00
0.00
0.00
0.00
0.00
0.00
0.00
0.00
0.00
0.00
0.00
0.00
0.00
0.00
0.00
0.00
0.01
0.07
0.07
0.00
0.00
0.07
0.01
0.00
0.09
0.08
0.08
0.08
0.08
0.08
0.07
0.08
0.07
0.06
0.07
0.00
0.06
0.06
0.01
0.06
0.06
0.06
0.06
0.06
0.06
0.06
0.06
0.06
0.06
0.06
0.07
0.06
0.00
0.00
0.00
0.00
0.00
0.00
0.00
0.01
0.00
0.08
0.08
0.01
0.06
0.07
0.00
0.00
0.01
0.00
0.07
0.07
0.07
0.07
0.07
0.07
0.07
0.00
0.06
0.06
0.22
0.07
0.01
0.06
0.01
0.01
0.04
0.01
0.07
0.07
0.00
0.00
0.00
0.01
0.07
0.07
0.06
0.06
0.06
0.06
0.08
0.09
0.02
0.00
0.00
0.00
0.01
0.01
0.07
0.07
0.00
0.07
0.07
0.06
0.01
0.00
0.00
0.05
0.07
0.07
0.07
0.07
0.07
0.07
0.08
0.07
0.07
0.06
0.02
0.06
0.01
0.06
0.06
0.06
0.09
0.13
0.01
0.01
0.08
0.07
0.00
0.07
0.01
0.02
0.07
0.00
0.00
0.00
0.01
0.01
0.07
0.09
0.08
0.01
0.00
0.00
0.08
0.07
0.07
0.08
0.08
0.08
0.08
0.07
0.08
0.07
0.23
0.15
0.15
0.00
0.00
0.00
0.01
0.01
0.06
0.06
0.06
0.00
0.08
0.06
0.06
0.07
0.07
0.07
0.08
0.08
0.08
0.03
0.08
0.08
0.08
0.08
0.08
0.08
0.07
0.05
0.06
0.08
0.07
0.08
0.01
0.00
0.01
0.00
0.07
0.08
0.08
0.01
0.08
0.09
0.08
0.08
0.08
0.08
0.08
0.07
0.01
0.07
0.07
0.00
0.00
0.00
0.00
0.00
0.00
0.00
0.00
0.00
0.01
0.00
0.00
0.00
0.00
0.00
0.00
0.07
0.00
0.07
0.00
0.00
0.00
0.06
0.00
0.07
0.07
0.08
0.08
0.09
0.08
0.07
0.00
0.01
0.02
0.06
0.08
0.08
0.09
0.01
0.01
0.08
0.08
0.05
0.08
0.00
0.09
0.09
0.07
0.08
0.07
0.08
0.08
0.07
0.07
0.00
0.07
0.00
0.00
0.00
0.00
0.01
0.01
0.01
0.07
0.08
0.08
0.07
0.00
0.07
0.08
0.07
0.00
0.00
0.00
0.26
0.27
0.26
0.18
0.18
0.26
0.25
0.26
0.26
0.01
0.01
0.08
0.07
0.06
0.07
0.01
0.01
0.01
0.02
0.06
0.06
0.00
0.00
0.00
0.00
0.00
0.08
0.00
0.00
0.07
0.08
0.08
0.00
0.00
0.00
0.08
0.06
0.06
0.08
0.06
0.10
0.00
0.09
0.06
0.08
0.06
0.00
0.07
0.06
0.00
0.00
0.07
0.08
0.03
0.07
0.08
0.09
0.08
0.00
0.06
0.07
0.07
0.07
0.01
0.00
0.01
0.01
0.01
0.08
0.07
0.00
0.00
0.00
0.01
0.00
0.07
0.00
0.00
0.06
0.06
0.01
0.08
0.09
0.08
0.08
0.08
0.08
0.08
0.06
0.27
0.00
0.10
0.11
0.11
0.10
0.00
0.11
0.10
0.12
0.10
0.10
0.12
0.10
0.10
0.07
0.07
0.07
0.07
0.08
0.09
0.10
0.07
0.13
0.06
0.06
0.10
0.11
0.11
0.14
0.14
0.12
0.05
0.03
0.09
0.10
0.10
0.10
0.09
0.07
0.11
0.09
0.07
0.10
0.09
0.07
0.13
0.13
0.12
0.13
0.07
0.06
0.10
0.13
0.13
0.12
0.13
0.07
0.13
0.13
0.11
0.12
0.13
0.08
0.12
0.07
0.11
0.11
0.10
0.11
0.11
0.11
0.11
0.11
0.11
0.11
0.10
0.11
0.08
0.10
0.08
0.12
0.11
0.12
0.11
0.10
0.11
0.07
0.16
0.15
0.15
0.15
0.15
0.15
0.17
0.15
0.15
0.15
0.11
0.14
0.13
0.13
0.09
0.11
0.08
0.10
0.11
0.10
0.10
0.10
0.10
0.10
0.10
0.10
0.10
0.10
0.10
0.15
0.10
0.12
0.10
0.12
0.11
0.12
0.09
0.12
0.09
0.05
0.05
0.04
0.07
0.07
0.13
0.03
0.05
0.09
0.09
0.09
0.09
0.10
0.10
0.09
0.10
0.10
0.10
0.10
0.06
0.09
0.07
0.06
0.07
0.06
0.07
0.07
0.08
0.08
0.07
0.11
0.12
0.10
0.11
0.10
0.10
0.05
0.05
0.01
0.06
0.06
0.05
0.10
0.10
0.09
0.10
0.09
0.12
0.02
0.05
0.11
0.06
0.02
0.06
0.06
0.09
0.05
0.02
0.11
0.10
0.11
0.05
0.10
0.10
0.10
0.10
0.10
0.10
0.06
0.12
0.11
0.13
0.14
0.08
0.09
0.10
0.10
0.10
0.10
0.14
0.09
0.10
0.10
0.10
0.05
0.05
0.08
0.13
0.09
0.09
0.10
0.08
0.10
0.10
0.10
0.10
0.10
0.08
0.10
0.08
0.11
0.11
0.11
0.11
0.12
0.09
0.00
0.09
0.06
0.09
0.00
0.07
0.13
0.07
0.10
0.00
0.11
0.12
0.11
0.08
0.07
0.11
0.08
0.07
0.12
0.08
0.11
0.11
0.11
0.07
0.08
0.07
0.09
0.11
0.07
0.11
0.11
0.12
0.12
0.08
0.09
0.10
0.10
0.11
0.08
0.08
0.10
0.08
0.08
0.08
0.07
0.08
0.11
0.11
0.09
0.08
0.11
0.08
0.08
0.08
0.08
0.08
0.07
0.04
0.11
0.10
0.10
0.10
0.08
0.07
0.14
0.06
0.06
0.10
0.09
0.07
0.11
0.08
0.11
0.10
0.11
0.12
0.10
0.10
0.15
0.14
0.14
0.07
0.08
0.14
0.12
0.12
0.07
0.14
0.14
0.08
0.07
0.11
0.11
0.08
0.10
0.09
0.08
0.13
0.14
0.14
0.12
0.12
0.07
0.11
0.07
0.10
0.08
0.11
0.10
0.08
0.10
0.10
0.11
0.10
0.10
0.11
0.06
0.09
0.10
0.08
0.06
0.09
0.11
0.06
0.06
0.08
0.08
0.11
0.12
0.12
0.06
0.10
0.12
0.11
0.10
0.15
0.10
0.09
0.11
0.07
0.10
0.06
0.13
0.10
0.03
0.11
0.10
0.10
0.10
0.08
0.10
0.12
0.13
0.08
0.14
0.14
0.08
0.04
0.04
0.05
0.05
0.13
0.12
0.11
0.11
0.10
0.08
0.07
0.07
0.05
0.09
0.09
0.10
0.09
0.11
0.09
0.12
0.12
0.12
0.10
0.08
0.12
0.09
0.12
0.12
0.12
0.10
0.10
0.07
0.11
0.10
0.10
0.08
0.10
0.10
0.03
0.00
0.00
0.07
0.12
0.08
0.05
0.07
0.07
0.06
0.06
0.04
0.05
0.08
0.06
0.05
0.05
0.05
0.05
0.05
0.05
0.12
0.11
0.10
0.12
0.11
0.10
0.10
0.10
0.07
0.10
0.10
0.10
0.00
0.10
0.07
0.10
0.10
0.10
0.10
0.10
0.10
0.10
0.10
0.10
0.10
0.06
0.06
0.07
0.07
0.12
0.10
0.06
0.05
0.15
0.15
0.10
0.10
0.10
0.10
0.10
0.10
0.10
0.07
0.10
0.10
0.11
0.07
0.07
0.11
0.10
0.10
0.11
0.12
0.12
0.11
0.10
0.10
0.10
0.10
0.10
0.10
0.10
0.10
0.10
0.10
0.10
0.13
0.10
0.10
0.10
0.07
0.10
0.10
0.09
0.08
0.12
0.12
0.05
0.03
0.04
0.12
0.05
0.12
0.05
0.05
0.10
0.13
0.10
0.10
0.11
0.12
0.12
0.10
0.07
0.10
0.10
0.09
0.09
0.09
0.09
0.10
0.10
0.05
0.03
0.03
0.03
0.03
0.03
0.10
0.11
0.13
0.12
0.07
0.07
0.07
0.07
0.07
0.07
0.07
0.07
0.08
0.07
0.07
0.08
0.07
0.07
0.07
0.07
0.07
0.10
0.07
0.07
0.07
0.08
0.09
0.10
0.09
0.02
0.12
0.03
0.01
0.07
0.07
0.07
0.07
0.07
0.07
0.07
0.08
0.08
0.08
0.05
0.10
0.10
0.10
0.04
0.08
0.08
0.02
0.08
0.03
0.06
0.11
0.07
0.07
0.11
0.10
0.02
0.15
0.10
0.10
0.12
0.12
0.12
0.00
0.06
0.01
0.01
0.00
0.03
0.09
0.15
0.10
0.11
0.11
0.01
0.10
0.10
0.10
0.10
0.10
0.06
0.06
0.06
0.06
0.10
0.14
0.14
0.14
0.14
0.10
0.11
0.10
0.10
0.11
0.11
0.10
0.12
0.10
0.06
